0 0.264242 0.689069 0.107414 0.104816
0 0.261211 0.292759 0.103085 0.097019
0 0.252548 0.208300 0.111747 0.110013
0 0.022107 0.178847 0.044214 0.101350
0 0.033802 0.016441 0.067603 0.032881
0 0.212697 0.095253 0.104815 0.107416
0 0.188445 0.035933 0.097887 0.071866
0 0.071500 0.011677 0.084027 0.023353
0 0.811280 0.783922 0.134270 0.128206
0 0.763203 0.398441 0.103950 0.095287
0 0.749776 0.287559 0.122144 0.121275
0 0.863685 0.248147 0.110882 0.132537
0 0.766667 0.051958 0.135134 0.103916
0 0.976036 0.630829 0.047927 0.080311