0 0.939866 0.530109 0.120268 0.093556
0 0.615524 0.663081 0.105684 0.106550
0 0.393763 0.552200 0.117810 0.113478
0 0.107035 0.595081 0.110882 0.105681
0 0.788756 0.969490 0.077929 0.061020
0 0.394430 0.858161 0.063472 0.066062
0 0.311231 0.863430 0.073240 0.076602
0 0.232206 0.531844 0.104815 0.105681
0 0.065454 0.460378 0.109148 0.103084
0 0.024499 0.411000 0.048997 0.090956
0 0.046681 0.309453 0.064669 0.067093
0 0.228309 0.353828 0.109148 0.096153
0 0.381200 0.328706 0.115211 0.115212
0 0.160310 0.216528 0.082292 0.074497
0 0.708212 0.234719 0.097022 0.097019
0 0.394196 0.020773 0.101351 0.041546
0 0.273787 0.012544 0.106549 0.025087
0 0.587435 0.423575 0.058290 0.072539
0 0.380829 0.090674 0.077720 0.085492
0 0.324482 0.009715 0.045337 0.019430
0 0.198834 0.288212 0.086788 0.102332
0 0.137306 0.303109 0.059585 0.038860
0 0.086140 0.301813 0.063472 0.059585
0 0.306995 0.516839 0.056995 0.116580
0 0.334197 0.566710 0.049223 0.055699
0 0.194301 0.633420 0.090674 0.088083
0 0.878886 0.579663 0.068653 0.091969
0 0.800518 0.593264 0.082902 0.064767
0 0.537565 0.968264 0.038860 0.063472
0 0.367876 0.245466 0.082902 0.089378