0 0.982394 0.264249 0.035211 0.077720
0 0.868523 0.183165 0.079016 0.081357
0 0.896540 0.490903 0.074796 0.072597
0 0.905307 0.556839 0.080043 0.059897
0 0.702720 0.426326 0.053109 0.067677
0 0.652011 0.439231 0.086189 0.074906
0 0.610308 0.271106 0.086189 0.088969
0 0.379534 0.185786 0.077720 0.074023
0 0.422334 0.569697 0.082792 0.091176
0 0.460176 0.973355 0.108429 0.053290
0 0.190490 0.977525 0.069508 0.044950
0 0.243626 0.832902 0.064561 0.031088
0 0.017487 0.816710 0.034974 0.047927
0 0.058290 0.297280 0.116580 0.115285