0 0.985751 0.347388 0.028497 0.117056
0 0.880705 0.054404 0.113989 0.108808
0 0.967459 0.054216 0.065081 0.108431
0 0.593517 0.176547 0.098951 0.102869
0 0.581827 0.581072 0.066726 0.077847
0 0.402961 0.807139 0.129757 0.124065
0 0.929404 0.955959 0.115285 0.088082
0 0.154793 0.857706 0.125648 0.130672
0 0.104275 0.760002 0.099741 0.092543
0 0.161269 0.565781 0.094560 0.125113
0 0.065415 0.322509 0.130829 0.144572
0 0.985751 0.436767 0.028497 0.061699
0 0.619819 0.199482 0.086788 0.082902
0 0.619819 0.567358 0.040155 0.069948