0 0.603428 0.466875 0.112612 0.091822
0 0.381668 0.485931 0.131671 0.107416
0 0.351353 0.336938 0.117810 0.117809
0 0.242205 0.318747 0.090090 0.098753
0 0.100571 0.188375 0.137733 0.127338
0 0.042967 0.138566 0.083162 0.093556
0 0.279453 0.041997 0.116076 0.083994
0 0.470461 0.056290 0.104815 0.112580
0 0.535622 0.718264 0.104922 0.086788
0 0.382124 0.091969 0.046632 0.090674
0 0.118523 0.930699 0.107513 0.117876
0 0.038212 0.623057 0.076424 0.085492
0 0.071891 0.715026 0.094560 0.108808
0 0.600389 0.527850 0.136010 0.107513
0 0.177461 0.888601 0.056995 0.093264