0 0.880669 0.016192 0.111211 0.032383
0 0.502559 0.033719 0.100091 0.067437
0 0.431660 0.049010 0.136234 0.098020
0 0.449482 0.295419 0.145078 0.144572
0 0.754534 0.811528 0.125648 0.117876
0 0.696242 0.916451 0.107511 0.104922
0 0.339916 0.827720 0.119549 0.113990
0 0.168991 0.480895 0.133319 0.126293
0 0.164159 0.403285 0.087386 0.073410
0 0.184219 0.260782 0.069508 0.091513
0 0.121662 0.275520 0.105651 0.099219
0 0.048778 0.303759 0.084602 0.105650
0 0.006616 0.181783 0.013232 0.060457
0 0.198516 0.835492 0.131464 0.139896
0 0.036917 0.986399 0.073834 0.027202