0 0.579016 0.051166 0.098446 0.102332
0 0.624891 0.106044 0.122332 0.109155
0 0.678109 0.209183 0.089378 0.073806
0 0.592917 0.303081 0.097309 0.086187
0 0.575681 0.400391 0.112887 0.119550
0 0.251943 0.275278 0.099741 0.097309
0 0.417762 0.024344 0.097309 0.048688
0 0.131966 0.842968 0.065084 0.070541
0 0.055571 0.811528 0.062432 0.042746
0 0.212893 0.625000 0.076806 0.084197
0 0.167793 0.504489 0.086693 0.089288
0 0.406736 0.251943 0.056995 0.066062
0 0.314767 0.305699 0.069948 0.072539
0 0.211140 0.231218 0.075130 0.091969
0 0.663860 0.163212 0.102332 0.090674