0 0.276386 0.679541 0.141197 0.151594
0 0.212715 0.721553 0.095288 0.121275
0 0.054385 0.646622 0.108770 0.136000
0 0.378601 0.841094 0.108283 0.105681
0 0.617690 0.898700 0.137734 0.113478
0 0.604262 0.777859 0.119544 0.114344
0 0.735933 0.661347 0.133405 0.122141
0 0.975389 0.799223 0.049222 0.101036
0 0.858941 0.663947 0.116076 0.116944
0 0.724672 0.541806 0.166319 0.155059
0 0.383367 0.542238 0.124738 0.121275
0 0.511574 0.685169 0.140333 0.129937
0 0.508110 0.517116 0.121274 0.119544
0 0.263390 0.463449 0.120409 0.121199
0 0.708708 0.431457 0.134397 0.134935
0 0.619852 0.358594 0.112612 0.114344
0 0.528569 0.357932 0.111541 0.122599
0 0.469938 0.363958 0.069410 0.088021
0 0.873234 0.155456 0.115211 0.111747
0 0.825590 0.252044 0.106549 0.116078
0 0.712109 0.039398 0.120409 0.078795
0 0.619852 0.015576 0.109148 0.031152
0 0.976036 0.520725 0.047927 0.080311
0 0.366580 0.978627 0.095855 0.042746
0 0.347798 0.683938 0.076425 0.119171
0 0.312824 0.547927 0.032383 0.075130
0 0.573834 0.262953 0.101036 0.111399
0 0.866580 0.959197 0.064767 0.079016