0 0.952858 0.710172 0.094284 0.135371
0 0.389430 0.691666 0.117810 0.115212
0 0.117427 0.827843 0.109148 0.087838
0 0.168102 0.647922 0.108283 0.100484
0 0.332692 0.503256 0.101351 0.114344
0 0.633280 0.472938 0.127337 0.133403
0 0.553155 0.440022 0.107414 0.090091
0 0.973446 0.436619 0.053108 0.098627
0 0.675518 0.326128 0.097150 0.097851
0 0.258629 0.088731 0.119544 0.117876
0 0.774482 0.050659 0.115211 0.101318
0 0.523316 0.549223 0.093264 0.075130
0 0.571244 0.583549 0.072539 0.079016
0 0.300518 0.865933 0.103627 0.081606