0 0.960153 0.389269 0.079694 0.097309
0 0.926901 0.554694 0.102157 0.116772
0 0.762805 0.566710 0.098148 0.073834
0 0.710492 0.424114 0.094560 0.094341
0 0.581599 0.643769 0.101052 0.111426
0 0.779902 0.807124 0.091749 0.087824
0 0.829025 0.840076 0.101018 0.107613
0 0.675647 0.862208 0.116772 0.107836
0 0.595019 0.893044 0.094526 0.107331
0 0.232678 0.907784 0.113024 0.105650
0 0.145637 0.844247 0.107690 0.115956
0 0.044505 0.473843 0.089010 0.100536
0 0.344795 0.175961 0.094526 0.098854
0 0.276678 0.153451 0.108429 0.107420
0 0.201669 0.169201 0.086298 0.102014
0 0.101375 0.113454 0.108132 0.107289
0 0.738990 0.840674 0.068653 0.072539