0 0.081599 0.796632 0.082887 0.095855
0 0.132139 0.540506 0.097887 0.093556
0 0.376335 0.671632 0.110182 0.094560
0 0.297161 0.457347 0.107414 0.093556
0 0.207936 0.386747 0.121274 0.113478
0 0.377719 0.088322 0.084891 0.086625
0 0.296291 0.056272 0.103950 0.090091
0 0.255148 0.022938 0.104815 0.045876
0 0.560065 0.945669 0.120409 0.108662
0 0.735751 0.670444 0.134715 0.114344
0 0.763203 0.516684 0.135134 0.129072
0 0.887509 0.462975 0.096153 0.106550
0 0.959564 0.495459 0.080872 0.110881
0 0.498561 0.629731 0.110013 0.105681
0 0.386010 0.752591 0.077720 0.082902
0 0.181347 0.625648 0.062176 0.062176
0 0.555699 0.445596 0.082902 0.077720
0 0.681347 0.600389 0.062176 0.071244