0 0.727306 0.755338 0.147260 0.138600
0 0.404191 0.647922 0.147260 0.136869
0 0.042272 0.593347 0.084544 0.155925
0 0.073287 0.637525 0.116076 0.133403
0 0.632883 0.566925 0.136869 0.136000
0 0.546690 0.436122 0.127337 0.099619
0 0.486055 0.352097 0.144666 0.146397
0 0.315835 0.333906 0.121274 0.097887
0 0.298079 0.407969 0.125607 0.121275
0 0.244819 0.204834 0.072539 0.082294
0 0.647176 0.135534 0.142932 0.137734
0 0.452272 0.013842 0.146396 0.027684
0 0.284541 0.019041 0.070815 0.038081
0 0.376943 0.082902 0.077720 0.059585
0 0.956606 0.632124 0.086788 0.077720
0 0.238342 0.946244 0.116580 0.107512