0 0.059806 0.900884 0.103950 0.116944
0 0.163324 0.906516 0.106549 0.110881
0 0.262508 0.846309 0.088355 0.097887
0 0.201436 0.851075 0.082292 0.095287
0 0.369922 0.787838 0.136869 0.150728
0 0.466079 0.885291 0.140333 0.141200
0 0.156828 0.540091 0.136869 0.126472
0 0.218765 0.401491 0.113477 0.121275
0 0.346534 0.287578 0.117810 0.111747
0 0.377719 0.463428 0.117810 0.118675
0 0.433592 0.600294 0.110013 0.116944
0 0.923892 0.630613 0.106549 0.096153
0 0.772730 0.621084 0.136869 0.148128
0 0.754974 0.482050 0.142932 0.155925
0 0.660983 0.541391 0.114346 0.110013
0 0.508525 0.528397 0.131670 0.110013
0 0.525849 0.415784 0.084891 0.078828
0 0.730285 0.144213 0.110882 0.117809
0 0.916959 0.184928 0.106549 0.107416
0 0.887077 0.297106 0.123008 0.127338
0 0.303756 0.338731 0.071244 0.060881
0 0.522021 0.742228 0.075130 0.085492