0 0.320980 0.621969 0.082292 0.079694
0 0.401111 0.503725 0.123008 0.146397
0 0.254710 0.354297 0.105684 0.112613
0 0.143782 0.379534 0.064767 0.085492
0 0.208801 0.132537 0.109148 0.112612
0 0.414101 0.235619 0.131670 0.155925
0 0.121310 0.158956 0.105684 0.110012
0 0.055052 0.152850 0.040155 0.077720
0 0.466944 0.127337 0.123008 0.123006
0 0.575659 0.952184 0.096153 0.095632
0 0.622871 0.980337 0.105684 0.039326
0 0.751073 0.634528 0.121274 0.118675
0 0.588218 0.422731 0.112612 0.129938
0 0.738514 0.389381 0.103085 0.111747
0 0.836834 0.403672 0.114346 0.121275
0 0.847662 0.226956 0.106549 0.097019
0 0.781825 0.276766 0.111747 0.115213