0 0.973446 0.413689 0.053108 0.112351
0 0.900795 0.414620 0.118098 0.127167
0 0.848476 0.306648 0.119110 0.126249
0 0.801437 0.148475 0.091749 0.092287
0 0.855570 0.032383 0.130829 0.064766
0 0.705514 0.025259 0.127892 0.050518
0 0.490048 0.027803 0.097309 0.055606
0 0.647131 0.271075 0.111211 0.130672
0 0.814119 0.586946 0.128238 0.127261
0 0.618743 0.471109 0.123497 0.136519
0 0.353813 0.158300 0.108429 0.117118
0 0.289460 0.237712 0.120370 0.125113
0 0.121662 0.050044 0.116772 0.100087
0 0.613342 0.013601 0.058290 0.027202
0 0.012953 0.168394 0.025906 0.093264