0 0.438791 0.627997 0.111747 0.119544
0 0.343264 0.780025 0.119171 0.129072
0 0.038566 0.547434 0.077132 0.105681
0 0.032936 0.426594 0.065871 0.085759
0 0.093590 0.252478 0.117810 0.103084
0 0.217463 0.304884 0.126472 0.090091
0 0.355196 0.333038 0.121274 0.090956
0 0.391147 0.153291 0.108283 0.102219
0 0.633263 0.938116 0.091824 0.090091
0 0.761469 0.900000 0.098752 0.102219
0 0.950901 0.956063 0.098198 0.087873
0 0.696501 0.805147 0.103950 0.097887
0 0.615073 0.191406 0.119545 0.110881
0 0.589965 0.333472 0.107392 0.103950
0 0.721622 0.181012 0.110882 0.105681
0 0.562176 0.095855 0.082902 0.090674
0 0.185881 0.069301 0.079016 0.079016
0 0.022021 0.130181 0.044041 0.060881
0 0.484456 0.985104 0.132124 0.029792