0 0.252548 0.976647 0.111747 0.046706
0 0.022107 0.964086 0.044214 0.071828
0 0.033802 0.775709 0.067603 0.114344
0 0.212697 0.895253 0.104815 0.107416
0 0.188445 0.826388 0.097887 0.090956
0 0.213134 0.686053 0.105684 0.110013
0 0.305386 0.726766 0.085761 0.090956
0 0.318381 0.645341 0.097887 0.085759
0 0.335273 0.446969 0.102216 0.118675
0 0.202738 0.268953 0.097022 0.095287
0 0.180648 0.222609 0.110013 0.080563
0 0.031203 0.459097 0.062405 0.097888
0 0.029469 0.305338 0.058938 0.077962
0 0.071500 0.769213 0.084027 0.108281
0 0.863685 0.990939 0.110882 0.018122
0 0.766667 0.834616 0.135134 0.138600
0 0.881014 0.615888 0.135134 0.123875
0 0.713825 0.418381 0.112612 0.110013
0 0.051813 0.674870 0.051813 0.059585
0 0.784974 0.551166 0.098446 0.086788
0 0.772021 0.678109 0.111399 0.068653