0 0.563960 0.039508 0.092288 0.079016
0 0.515544 0.077073 0.080311 0.084197
0 0.768971 0.796288 0.101955 0.093953
0 0.771103 0.482513 0.095100 0.086788
0 0.655535 0.364247 0.119361 0.102869
0 0.594273 0.489356 0.141794 0.113991
0 0.284275 0.593616 0.183497 0.144572
0 0.583153 0.665903 0.147354 0.139012
0 0.139214 0.821390 0.156666 0.150552
0 0.335492 0.200130 0.103627 0.102332
0 0.448834 0.185881 0.081606 0.073834
0 0.560233 0.352979 0.053109 0.068653
0 0.568005 0.906088 0.097150 0.055699
0 0.259715 0.840674 0.068653 0.134715
0 0.082254 0.544041 0.086788 0.075130
0 0.947539 0.575130 0.104922 0.121762