0 0.738673 0.622325 0.044180 0.055225
0 0.812980 0.633372 0.122501 0.131538
0 0.229090 0.601241 0.095391 0.111456
0 0.291844 0.660984 0.076314 0.070287
0 0.094035 0.757378 0.094385 0.104428
0 0.149260 0.047472 0.088360 0.092378
0 0.263729 0.101694 0.070289 0.068278
0 0.213523 0.167462 0.078321 0.079325
0 0.731144 0.824653 0.099405 0.106437
0 0.681944 0.804069 0.075308 0.085350
0 0.446479 0.897453 0.072295 0.053219
0 0.463046 0.962030 0.091373 0.075939
0 0.368661 0.959018 0.117481 0.081964
0 0.135705 0.967553 0.101417 0.064894