0 0.023840 0.700328 0.047680 0.123875
0 0.375552 0.686903 0.090954 0.117809
0 0.344368 0.260275 0.094423 0.097887
0 0.423633 0.024670 0.086626 0.049340
0 0.376422 0.040263 0.110013 0.080526
0 0.803482 0.928153 0.090954 0.080562
0 0.905698 0.831566 0.108283 0.095287
0 0.953342 0.913859 0.089225 0.072766
0 0.567862 0.835031 0.085761 0.069300
0 0.508092 0.855387 0.087491 0.097887
0 0.456115 0.597678 0.077094 0.071031
0 0.502029 0.495028 0.108283 0.101350
0 0.770131 0.284962 0.077964 0.081428
0 0.569596 0.162822 0.111747 0.098753
0 0.578258 0.070566 0.089225 0.085759
0 0.499430 0.092653 0.097887 0.100484
0 0.588083 0.031088 0.075130 0.054404
0 0.473446 0.327073 0.076425 0.099741
0 0.404793 0.285622 0.047927 0.063472
0 0.340674 0.580959 0.075130 0.063472