0 0.550533 0.913312 0.066726 0.080628
0 0.620041 0.936862 0.088966 0.083569
0 0.710399 0.845197 0.063944 0.077847
0 0.759053 0.874388 0.083406 0.086188
0 0.829016 0.911793 0.075130 0.083151
0 0.941418 0.917098 0.074546 0.088083
0 0.785582 0.268388 0.130908 0.141980
0 0.918919 0.059775 0.136234 0.119550
0 0.744194 0.050044 0.107559 0.100087
0 0.615868 0.044484 0.108429 0.088968
0 0.564081 0.063393 0.084120 0.093421
0 0.502693 0.446244 0.101241 0.104922
0 0.425289 0.530440 0.105381 0.107513
0 0.309735 0.319948 0.080012 0.072539
0 0.241287 0.573788 0.106926 0.124445
0 0.332284 0.562873 0.086189 0.097052
0 0.266839 0.956606 0.095855 0.086788
0 0.133497 0.849366 0.105651 0.086188
0 0.102560 0.764345 0.072995 0.072732
0 0.100389 0.893135 0.060881 0.079016
0 0.121114 0.396373 0.058290 0.046632