0 0.284598 0.966027 0.125607 0.067946
0 0.358660 0.982917 0.097022 0.034166
0 0.379453 0.917325 0.095288 0.100484
0 0.026870 0.816406 0.053740 0.103084
0 0.188013 0.786953 0.102216 0.110013
0 0.322282 0.807744 0.110882 0.099619
0 0.292827 0.695131 0.064103 0.089225
0 0.208368 0.666547 0.090954 0.116944
0 0.142531 0.697731 0.094423 0.096153
0 0.100517 0.622800 0.110882 0.109147
0 0.085360 0.752303 0.108283 0.111747
0 0.038564 0.723719 0.077128 0.125606
0 0.072365 0.404938 0.111747 0.113478
0 0.165490 0.423563 0.107414 0.116078
0 0.074964 0.175816 0.097887 0.097019
0 0.104418 0.308350 0.092689 0.086625
0 0.054159 0.071431 0.108317 0.118675
0 0.137337 0.098719 0.106549 0.086625
0 0.980786 0.967617 0.038428 0.064766