0 0.698542 0.919928 0.123641 0.116103
0 0.591219 0.909974 0.102126 0.107513
0 0.645860 0.610104 0.107243 0.113990
0 0.527320 0.331750 0.137071 0.142775
0 0.444887 0.407306 0.122332 0.130672
0 0.400907 0.368682 0.068653 0.107830
0 0.394468 0.237047 0.065986 0.103627
0 0.077720 0.234931 0.129534 0.141794
0 0.063472 0.439119 0.126943 0.155440
0 0.228627 0.588083 0.125648 0.134715
0 0.312798 0.767487 0.058342 0.097150
0 0.555216 0.990933 0.076096 0.018134
0 0.067358 0.870466 0.049223 0.075130
0 0.575130 0.499352 0.059585 0.110104
0 0.354275 0.042098 0.099741 0.084196