0 0.973698 0.964302 0.052604 0.071395
0 0.963969 0.885509 0.072062 0.086188
0 0.816726 0.699231 0.133452 0.113991
0 0.711075 0.759009 0.127892 0.144572
0 0.534658 0.615933 0.119803 0.104922
0 0.546632 0.716592 0.098446 0.087542
0 0.327608 0.462913 0.111624 0.102869
0 0.298622 0.339191 0.120373 0.111209
0 0.206668 0.348493 0.102455 0.103723
0 0.056347 0.152913 0.097150 0.100087
0 0.360955 0.655663 0.144191 0.082457
0 0.365933 0.566742 0.104922 0.084262
0 0.633420 0.906736 0.088083 0.072539
0 0.685233 0.604922 0.126943 0.051813