0 0.45546875 0.08046875 0.08203125 0.08359375
0 0.24921875 0.23828125 0.0890625 0.090625
0 0.2546875 0.1140625 0.0765625 0.0765625
0 0.1765625 0.11640625 0.1 0.08203125
0 0.21171875 0.15546875 0.103125 0.07890625
0 0.39140625 0.36875 0.0953125 0.0953125
0 0.03203125 0.49375 0.0640625 0.08671875
0 0.17265625 0.70078125 0.090625 0.0875
0 0.2828125 0.8171875 0.0875 0.07734375
0 0.55 0.95 0.0796875 0.071875
0 0.62578125 0.76171875 0.0765625 0.08984375
0 0.54296875 0.72890625 0.07109375 0.0734375
0 0.50625 0.7625 0.0734375 0.06640625
0 0.74609375 0.87109375 0.07421875 0.071875
0 0.9546875 0.9140625 0.078125 0.08515625