0 0.13984375 0.11171875 0.1078125 0.0875
0 0.196875 0.53515625 0.0859375 0.0765625
0 0.2 0.18359375 0.0859375 0.0765625
0 0.25 0.534375 0.075 0.0828125
0 0.02109375 0.18828125 0.0421875 0.06015625
0 0.1125 0.2125 0.0484375 0.0515625
0 0.390625 0.134375 0.0265625 0.0265625
0 0.02265625 0.3859375 0.0453125 0.071875
0 0.8953125 0.18359375 0.03125 0.028125
0 0.9140625 0.2203125 0.028125 0.0265625
0 0.89609375 0.21015625 0.03046875 0.028125
0 0.84765625 0.26953125 0.08125 0.090625
0 0.7640625 0.28984375 0.0734375 0.07265625
0 0.97890625 0.184375 0.0203125 0.01484375
0 0.62890625 0.7234375 0.059375 0.06171875
0 0.5765625 0.72109375 0.06640625 0.0640625
0 0.58203125 0.725 0.04375 0.046875
0 0.60234375 0.77578125 0.06171875 0.04921875
0 0.6078125 0.85625 0.065625 0.08828125
0 0.684375 0.86875 0.08515625 0.090625
0 0.35 0.96875 0.096875 0.06171875
0 0.50078125 0.92109375 0.0578125 0.05
0 0.4390625 0.95234375 0.06796875 0.0515625
0 0.475 0.98046875 0.115625 0.0390625
0 0.58671875 0.103125 0.0296875 0.0265625