0 0.98359375 0.5296875 0.03203125 0.0765625
0 0.69609375 0.06171875 0.0265625 0.025
0 0.69140625 0.0234375 0.021875 0.02578125
0 0.71015625 0.01171875 0.02890625 0.0234375
0 0.6125 0.02734375 0.021875 0.0203125
0 0.60234375 0.00625 0.0359375 0.0125
0 0.53828125 0.009375 0.02734375 0.01875
0 0.5609375 0.053125 0.02578125 0.02265625
0 0.50625 0.06875 0.0203125 0.0171875
0 0.26640625 0.06953125 0.01875 0.021875
0 0.44921875 0.14375 0.0203125 0.02421875
0 0.5515625 0.13671875 0.0203125 0.01953125
0 0.21484375 0.0609375 0.02421875 0.01875
0 0.23125 0.24765625 0.0203125 0.02421875
0 0.57109375 0.25703125 0.02421875 0.01484375
0 0.65234375 0.27421875 0.0203125 0.01796875
0 0.7078125 0.2453125 0.01796875 0.0109375
0 0.70390625 0.22109375 0.01640625 0.00703125
0 0.7734375 0.10546875 0.01640625 0.01328125
0 0.534375 0.284375 0.02890625 0.03203125
0 0.640625 0.225 0.02734375 0.01875
0 0.6234375 0.18671875 0.02265625 0.01640625
0 0.640625 0.18828125 0.0140625 0.01328125
0 0.5046875 0.1453125 0.0203125 0.01640625
0 0.434375 0.18671875 0.021875 0.01875
0 0.4765625 0.2234375 0.021875 0.01796875
0 0.490625 0.17890625 0.02109375 0.01875
0 0.5375 0.1859375 0.01640625 0.0125
0 0.5609375 0.16640625 0.01875 0.01171875
0 0.65390625 0.0359375 0.0203125 0.01953125
0 0.34296875 0.21953125 0.0203125 0.0234375
0 0.38671875 0.18046875 0.02421875 0.0203125
0 0.43671875 0.03359375 0.0234375 0.01875
0 0.68359375 0.13125 0.0203125 0.01875
0 0.71875 0.17265625 0.01640625 0.01640625
0 0.875 0.08984375 0.0203125 0.0265625
0 0.8375 0.06640625 0.02421875 0.025
0 0.87109375 0.06640625 0.028125 0.0265625