0 0.8625 0.1015625 0.10703125 0.1015625
0 0.9578125 0.10234375 0.08359375 0.1046875
0 0.58671875 0.05234375 0.1140625 0.1015625
0 0.4859375 0.29765625 0.1234375 0.11484375
0 0.6359375 0.28515625 0.0921875 0.08828125
0 0.8328125 0.38515625 0.1078125 0.1265625
0 0.953125 0.4734375 0.09375 0.1328125
0 0.4515625 0.34765625 0.10078125 0.12265625
0 0.546875 0.36875 0.128125 0.1484375
0 0.11796875 0.403125 0.14296875 0.15546875
0 0.13046875 0.7109375 0.1140625 0.1140625
0 0.8578125 0.89921875 0.09375 0.10234375
0 0.40625 0.8953125 0.10625 0.1046875
0 0.4734375 0.64609375 0.10546875 0.1
0 0.24609375 0.971875 0.0828125 0.05625
0 0.196875 0.80234375 0.08203125 0.0828125
0 0.05078125 0.74375 0.06796875 0.084375
0 0.07890625 0.85 0.0859375 0.090625
0 0.1515625 0.865625 0.09609375 0.10546875
0 0.984375 0.05390625 0.03125 0.0921875