0 0.06640625 0.9515625 0.10625 0.096875
0 0.10625 0.9578125 0.0921875 0.084375
0 0.0171875 0.8765625 0.034375 0.08359375
0 0.24296875 0.98125 0.0578125 0.0375
0 0.2171875 0.878125 0.05703125 0.0484375
0 0.27265625 0.93671875 0.053125 0.046875
0 0.2484375 0.7078125 0.04765625 0.04765625
0 0.2875 0.721875 0.04375 0.03984375
0 0.26640625 0.76171875 0.04140625 0.0421875
0 0.603125 0.7453125 0.05078125 0.053125
0 0.475 0.71796875 0.040625 0.040625
0 0.70390625 0.80390625 0.05390625 0.0609375
0 0.74609375 0.78359375 0.040625 0.0375
0 0.840625 0.9109375 0.0765625 0.05859375
0 0.72109375 0.55 0.05234375 0.0515625
0 0.91875 0.41640625 0.05234375 0.05
0 0.928125 0.49921875 0.04140625 0.0453125
0 0.8796875 0.48828125 0.03828125 0.034375
0 0.82109375 0.58671875 0.05 0.04609375
0 0.65390625 0.628125 0.05390625 0.053125