0 0.71328125 0.44921875 0.05859375 0.05078125
0 0.72109375 0.49296875 0.065625 0.05703125
0 0.79296875 0.61640625 0.0625 0.04765625
0 0.82109375 0.65234375 0.03984375 0.0375
0 0.75859375 0.70625 0.04921875 0.0484375
0 0.1640625 0.4375 0.04453125 0.03671875
0 0.19765625 0.51328125 0.040625 0.04296875
0 0.2046875 0.6046875 0.0421875 0.03671875
0 0.43203125 0.61640625 0.0421875 0.04921875
0 0.21484375 0.6296875 0.05390625 0.04296875
0 0.17109375 0.72265625 0.053125 0.05078125
0 0.915625 0.9828125 0.04375 0.034375
0 0.1375 0.0671875 0.14296875 0.13359375
0 0.259375 0.08203125 0.1390625 0.128125
0 0.46953125 0.021875 0.11484375 0.04375
0 0.53671875 0.04375 0.1046875 0.0875
0 0.30234375 0.95 0.015625 0.02265625
0 0.0078125 0.984375 0.015625 0.03125
0 0.9921875 0.646875 0.015625 0.04375