0 0.05 0.11484375 0.09921875 0.1203125
0 0.190625 0.18203125 0.09375 0.07890625
0 0.2109375 0.2296875 0.0421875 0.028125
0 0.16875 0.01953125 0.02265625 0.0265625
0 0.334375 0.32890625 0.0359375 0.03359375
0 0.425 0.11015625 0.1046875 0.10625
0 0.56015625 0.096875 0.11015625 0.115625
0 0.6625 0.06953125 0.03984375 0.0265625
0 0.83125 0.01640625 0.096875 0.0328125
0 0.2453125 0.5421875 0.0828125 0.09453125
0 0.4796875 0.325 0.03828125 0.03515625
0 0.5734375 0.24765625 0.0359375 0.0421875
0 0.60234375 0.26015625 0.03515625 0.03984375
0 0.58203125 0.284375 0.04375 0.03671875
0 0.44765625 0.225 0.034375 0.0328125
0 0.45703125 0.3265625 0.01875 0.034375
0 0.5046875 0.89140625 0.1140625 0.0953125
0 0.56796875 0.9640625 0.1078125 0.071875
0 0.659375 0.04453125 0.03515625 0.02578125
0 0.3421875 0.10234375 0.07421875 0.084375
0 0.45546875 0.03515625 0.04765625 0.03828125