0 0.71640625 0.6671875 0.121875 0.1171875
0 0.64609375 0.9421875 0.13125 0.1140625
0 0.16796875 0.2765625 0.16875 0.1453125
0 0.18203125 0.55 0.140625 0.1265625
0 0.8484375 0.1984375 0.1203125 0.11875
0 0.1796875 0.17734375 0.1484375 0.1265625
0 0.67265625 0.21640625 0.1078125 0.1265625
0 0.67421875 0.05625 0.1421875 0.1125
0 0.3609375 0.6890625 0.0609375 0.046875
0 0.7671875 0.48984375 0.115625 0.10625
0 0.646875 0.05390625 0.0875 0.0953125
0 0.0734375 0.21171875 0.05625 0.05625
0 0.10546875 0.71171875 0.12265625 0.10859375
0 0.93203125 0.59296875 0.0984375 0.0875
0 0.040625 0.03515625 0.0796875 0.06875
0 0.15703125 0.59765625 0.11015625 0.10546875
0 0.590625 0.30078125 0.03984375 0.04296875