0 0.759375 0.16015625 0.04765625 0.053125
0 0.7515625 0.209375 0.0640625 0.0578125
0 0.78046875 0.32109375 0.05625 0.05546875
0 0.76015625 0.45390625 0.05390625 0.04921875
0 0.7609375 0.38984375 0.05390625 0.04609375
0 0.6875 0.48515625 0.05859375 0.04375
0 0.7125 0.51875 0.0421875 0.034375
0 0.8265625 0.7390625 0.04609375 0.04765625
0 0.784375 0.77265625 0.0453125 0.040625
0 0.79765625 0.8125 0.0515625 0.0421875
0 0.44375 0.465625 0.13203125 0.1453125
0 0.4375 0.30625 0.12578125 0.121875
0 0.33125 0.50546875 0.11953125 0.14140625
0 0.078125 0.91171875 0.12109375 0.140625
0 0.55546875 0.7984375 0.03671875 0.028125
0 0.75390625 0.85234375 0.04453125 0.0375
0 0.83515625 0.9125 0.03203125 0.0359375
0 0.7421875 0.91484375 0.0484375 0.04375
0 0.7546875 0.95703125 0.04453125 0.03515625
0 0.721875 0.984375 0.034375 0.03046875
0 0.490625 0.93671875 0.05546875 0.03828125
0 0.409375 0.96015625 0.0515625 0.0546875
0 0.30703125 0.98515625 0.0796875 0.0296875
0 0.50078125 0.9765625 0.04609375 0.04140625
0 0.5453125 0.959375 0.0296875 0.02421875
0 0.88046875 0.634375 0.02578125 0.02421875
0 0.9125 0.67265625 0.0140625 0.01953125
0 0.65859375 0.8484375 0.0203125 0.02265625
0 0.7375 0.82109375 0.0203125 0.0203125
0 0.73359375 0.3671875 0.05625 0.05859375
0 0.7203125 0.30390625 0.05 0.03828125
0 0.06640625 0.703125 0.01875 0.01640625
0 0.04765625 0.73984375 0.01875 0.0203125
0 0.04453125 0.68515625 0.01875 0.01875
0 0.0203125 0.75703125 0.02109375 0.01796875
0 0.08984375 0.6625 0.01640625 0.015625
0 0.06875 0.7546875 0.01640625 0.01875
0 0.06640625 0.79140625 0.0125 0.021875