0 0.9484375 0.32265625 0.103125 0.1359375
0 0.96796875 0.45390625 0.0640625 0.1296875
0 0.94765625 0.41796875 0.0421875 0.04765625
0 0.84765625 0.30390625 0.05078125 0.0453125
0 0.85078125 0.3578125 0.0375 0.03671875
0 0.88515625 0.7890625 0.04609375 0.046875
0 0.865625 0.81640625 0.0296875 0.02109375
0 0.89609375 0.85859375 0.05 0.04375
0 0.94140625 0.93203125 0.1171875 0.1203125
0 0.70859375 0.69296875 0.0609375 0.04765625
0 0.60390625 0.56171875 0.05703125 0.0484375
0 0.6390625 0.73046875 0.03984375 0.0296875
0 0.6703125 0.75078125 0.02734375 0.0296875
0 0.709375 0.75390625 0.04296875 0.0328125
0 0.753125 0.99296875 0.08125 0.0140625
0 0.640625 0.9875 0.046875 0.025
0 0.25390625 0.80703125 0.04296875 0.03828125
0 0.2109375 0.76171875 0.0359375 0.0375
0 0.27734375 0.71796875 0.04375 0.03671875
0 0.43046875 0.59453125 0.04765625 0.0375
0 0.4796875 0.5328125 0.05078125 0.0453125
0 0.4796875 0.48515625 0.046875 0.04140625
0 0.346875 0.384375 0.06640625 0.0625
0 0.2921875 0.41640625 0.0625 0.053125
0 0.31953125 0.45234375 0.0671875 0.05
0 0.1390625 0.4625 0.0421875 0.03828125
0 0.06171875 0.215625 0.0421875 0.0359375
0 0.2796875 0.27265625 0.04609375 0.040625
0 0.30078125 0.0390625 0.040625 0.03203125
0 0.4625 0.034375 0.0359375 0.03046875
0 0.715625 0.1453125 0.125 0.13203125
0 0.859375 0.18828125 0.134375 0.1265625
0 0.98046875 0.2359375 0.0390625 0.096875
0 0.02890625 0.66484375 0.03046875 0.02421875
0 0.57890625 0.728125 0.0453125 0.04609375