0 0.1953125 0.5921875 0.0796875 0.0796875
0 0.6828125 0.446875 0.0953125 0.09375
0 0.15703125 0.9421875 0.1046875 0.1015625
0 0.2890625 0.96875 0.0671875 0.0625
0 0.771875 0.66796875 0.090625 0.09375
0 0.95703125 0.5046875 0.0625 0.075
0 0.05625 0.4125 0.0265625 0.025
0 0.390625 0.95390625 0.1015625 0.08828125
0 0.384375 0.89453125 0.08046875 0.07890625
0 0.025 0.95234375 0.04375 0.05
0 0.828125 0.71953125 0.0765625 0.0765625
0 0.8578125 0.65390625 0.0796875 0.06875
0 0.2890625 0.92890625 0.090625 0.08125
0 0.5078125 0.59453125 0.0875 0.08125
0 0.5453125 0.4515625 0.075 0.07734375
0 0.33828125 0.9609375 0.0828125 0.078125