0 0.31953125 0.08984375 0.0296875 0.034375
0 0.55 0.04921875 0.03671875 0.03203125
0 0.56953125 0.071875 0.03203125 0.03203125
0 0.53515625 0.075 0.0359375 0.0421875
0 0.9609375 0.2234375 0.078125 0.115625
0 0.23203125 0.4359375 0.0765625 0.0875
0 0.13203125 0.596875 0.0421875 0.04765625
0 0.1296875 0.6484375 0.03671875 0.0375
0 0.13125 0.74296875 0.03984375 0.03125
0 0.18359375 0.8203125 0.05234375 0.03984375
0 0.2125 0.83984375 0.0421875 0.0328125
0 0.21953125 0.90234375 0.05703125 0.04140625
0 0.13515625 0.9 0.0328125 0.03046875
0 0.0078125 0.9921875 0.015625 0.015625
0 0.60078125 0.78125 0.028125 0.02578125
0 0.64765625 0.8078125 0.0203125 0.01953125
0 0.6953125 0.84296875 0.01953125 0.02109375
0 0.6671875 0.83203125 0.02109375 0.015625
0 0.65078125 0.8625 0.0296875 0.02109375
0 0.94296875 0.97890625 0.0453125 0.0421875
0 0.9203125 0.92421875 0.03671875 0.034375
0 0.528125 0.41484375 0.0453125 0.04140625