0 0.20703125 0.43828125 0.12578125 0.10625
0 0.325 0.39140625 0.12421875 0.1375
0 0.19453125 0.2703125 0.10859375 0.109375
0 0.06796875 0.4359375 0.1359375 0.13515625
0 0.64140625 0.66953125 0.140625 0.13359375
0 0.90859375 0.078125 0.1390625 0.12890625
0 0.8828125 0.0140625 0.1109375 0.028125
0 0.64609375 0.5578125 0.134375 0.13515625
0 0.9453125 0.909375 0.109375 0.15234375
0 0.78828125 0.9734375 0.125 0.053125
0 0.78984375 0.803125 0.1203125 0.115625
0 0.6515625 0.7671875 0.11796875 0.1046875
0 0.48203125 0.85859375 0.109375 0.0890625
0 0.38984375 0.846875 0.0890625 0.096875
0 0.5125 0.9890625 0.0765625 0.021875
0 0.48125 0.97734375 0.065625 0.0453125