0 0.04375 0.07421875 0.0875 0.090625
0 0.01328125 0.01328125 0.0265625 0.0265625
0 0.159375 0.26484375 0.1 0.09453125
0 0.2953125 0.2484375 0.1109375 0.084375
0 0.17890625 0.478125 0.10234375 0.0984375
0 0.1515625 0.69609375 0.1265625 0.11796875
0 0.8234375 0.82734375 0.13203125 0.11953125
0 0.7953125 0.915625 0.12578125 0.10859375
0 0.59296875 0.97109375 0.0875 0.0578125
0 0.47890625 0.98828125 0.0765625 0.0234375
0 0.5984375 0.69453125 0.096875 0.1
0 0.7625 0.540625 0.06328125 0.06796875
0 0.9484375 0.52734375 0.078125 0.090625
0 0.975 0.41328125 0.05 0.0734375
0 0.9203125 0.34296875 0.1078125 0.096875
0 0.621875 0.40625 0.103125 0.08828125
0 0.64609375 0.23359375 0.1140625 0.1046875
0 0.5890625 0.21171875 0.10859375 0.0828125
0 0.5828125 0.159375 0.1125 0.08671875
0 0.50859375 0.11875 0.1 0.090625
0 0.68828125 0.11953125 0.11640625 0.10625
0 0.5 0.4828125 0.0515625 0.03828125