0 0.4 0.378125 0.140625 0.1546875
0 0.453125 0.2765625 0.13046875 0.16171875
0 0.50625 0.37421875 0.11328125 0.115625
0 0.1890625 0.35078125 0.12109375 0.121875
0 0.1875 0.434375 0.13984375 0.11953125
0 0.215625 0.484375 0.11796875 0.1453125
0 0.02421875 0.4734375 0.0484375 0.14375
0 0.15703125 0.6125 0.15234375 0.16171875
0 0.34296875 0.77421875 0.125 0.13359375
0 0.1421875 0.96328125 0.13125 0.0734375
0 0.03359375 0.8703125 0.0671875 0.15625
0 0.0703125 0.6328125 0.140625 0.17734375
0 0.5640625 0.66953125 0.03125 0.03046875
0 0.02578125 0.1296875 0.0515625 0.1
0 0.06484375 0.99140625 0.078125 0.0171875