0 0.47109375 0.74296875 0.121875 0.1234375
0 0.2890625 0.953125 0.11875 0.09375
0 0.65 0.3671875 0.11640625 0.125
0 0.63984375 0.18671875 0.034375 0.025
0 0.453125 0.29453125 0.0375 0.0390625
0 0.32578125 0.36171875 0.053125 0.046875
0 0.24609375 0.01640625 0.0328125 0.03125
0 0.7578125 0.10078125 0.0140625 0.0171875
0 0.75234375 0.25078125 0.12578125 0.12421875
0 0.93203125 0.27265625 0.10078125 0.1375
0 0.9375 0.13359375 0.12421875 0.1046875
0 0.90078125 0.05390625 0.05 0.059375
0 0.8828125 0.01328125 0.053125 0.0265625
0 0.24609375 0.2671875 0.05546875 0.053125
0 0.746875 0.9671875 0.11875 0.065625
0 0.90625 0.94140625 0.11875 0.1171875
0 0.9828125 0.85390625 0.034375 0.1203125
0 0.88828125 0.821875 0.06328125 0.0828125
0 0.84140625 0.45703125 0.05234375 0.046875
0 0.87421875 0.52265625 0.05390625 0.04453125
0 0.409375 0.66015625 0.1015625 0.1078125
0 0.528125 0.6765625 0.0890625 0.09609375
0 0.5796875 0.31953125 0.08515625 0.09609375