0 0.06875 0.53984375 0.0953125 0.11015625
0 0.0234375 0.54140625 0.046875 0.0984375
0 0.32578125 0.64140625 0.11484375 0.109375
0 0.3390625 0.753125 0.11484375 0.1203125
0 0.1953125 0.7484375 0.109375 0.109375
0 0.04140625 0.8421875 0.0828125 0.12578125
0 0.053125 0.9328125 0.10625 0.10078125
0 0.11171875 0.98671875 0.0859375 0.0265625
0 0.04453125 0.98203125 0.0859375 0.0359375
0 0.18828125 0.92734375 0.11640625 0.12109375
0 0.38515625 0.959375 0.08984375 0.08125
0 0.89921875 0.2125 0.115625 0.11328125
0 0.96953125 0.19609375 0.0609375 0.096875