0 0.00859375 0.115625 0.0171875 0.0328125
0 0.028125 0.2421875 0.034375 0.0375
0 0.1703125 0.25859375 0.04296875 0.03203125
0 0.4546875 0.04921875 0.040625 0.0359375
0 0.59140625 0.0359375 0.0453125 0.03984375
0 0.665625 0.07109375 0.03984375 0.040625
0 0.69609375 0.0609375 0.04140625 0.04140625
0 0.73046875 0.0890625 0.03671875 0.0359375
0 0.6375 0.1640625 0.04296875 0.04296875
0 0.58984375 0.18046875 0.04609375 0.03671875
0 0.56640625 0.24140625 0.03828125 0.034375
0 0.54921875 0.31328125 0.0375 0.03203125
0 0.503125 0.3078125 0.046875 0.04375
0 0.5140625 0.29140625 0.03125 0.03515625
0 0.55390625 0.3703125 0.04296875 0.04375
0 0.6046875 0.37890625 0.03984375 0.03828125
0 0.56328125 0.40234375 0.0375 0.03515625
0 0.93125 0.43671875 0.03828125 0.03671875
0 0.90234375 0.36328125 0.0359375 0.0359375
0 0.87578125 0.253125 0.0453125 0.04375
0 0.83125 0.19609375 0.03203125 0.0359375
0 0.80546875 0.159375 0.0421875 0.03984375
0 0.8921875 0.0703125 0.03671875 0.0359375
0 0.9671875 0.03046875 0.03984375 0.03046875
0 0.9375 0.60546875 0.0421875 0.0515625
0 0.94453125 0.75390625 0.02421875 0.034375
0 0.946875 0.82734375 0.046875 0.040625
0 0.85546875 0.7453125 0.028125 0.02734375
0 0.81953125 0.74375 0.03125 0.02421875
0 0.13828125 0.71796875 0.1078125 0.10546875
0 0.23125 0.90625 0.11328125 0.1140625
0 0.33671875 0.93046875 0.11328125 0.10859375
0 0.03984375 0.959375 0.0796875 0.08125
0 0.01796875 0.5625 0.0359375 0.103125
0 0.0125 0.63203125 0.025 0.0734375
0 0.0765625 0.53203125 0.04296875 0.034375
0 0.0109375 0.44609375 0.021875 0.0453125
0 0.2890625 0.5671875 0.02109375 0.01953125
0 0.31328125 0.55859375 0.01484375 0.01953125
0 0.3015625 0.51171875 0.02578125 0.021875
0 0.4015625 0.49296875 0.02265625 0.01640625
0 0.49921875 0.48359375 0.02265625 0.0125
0 0.5203125 0.4734375 0.0140625 0.015625
0 0.53046875 0.49296875 0.0140625 0.01484375
0 0.48671875 0.58359375 0.0375 0.03515625
0 0.46328125 0.60625 0.02578125 0.03515625
0 0.628125 0.475 0.01640625 0.01640625
0 0.884375 0.9578125 0.03828125 0.03515625
0 0.85546875 0.96484375 0.0328125 0.0328125
0 0.81953125 0.89609375 0.03046875 0.0328125
0 0.025 0.40625 0.025 0.0203125
0 0.45703125 0.4390625 0.0125 0.01015625