0 0.34296875 0.0875 0.11796875 0.12421875
0 0.590625 0.221875 0.11953125 0.11640625
0 0.46953125 0.18828125 0.1140625 0.11015625
0 0.484375 0.33046875 0.1265625 0.1109375
0 0.56171875 0.37890625 0.12109375 0.10234375
0 0.5890625 0.46015625 0.13203125 0.09921875
0 0.67265625 0.459375 0.10546875 0.096875
0 0.95859375 0.82890625 0.0828125 0.1234375
0 0.940625 0.978125 0.11484375 0.04375
0 0.97734375 0.9640625 0.0453125 0.071875
0 0.45859375 0.64375 0.115625 0.1203125
0 0.38671875 0.63203125 0.0921875 0.1203125
0 0.38671875 0.4171875 0.09921875 0.1109375
0 0.325 0.46171875 0.09921875 0.090625
0 0.05078125 0.41484375 0.1015625 0.0921875
0 0.04921875 0.175 0.0671875 0.07109375
0 0.01796875 0.15703125 0.0359375 0.075
0 0.1296875 0.03359375 0.128125 0.0671875
0 0.04375 0.6875 0.0875 0.10625
0 0.15234375 0.8515625 0.075 0.078125
0 0.09453125 0.865625 0.0671875 0.06640625
0 0.04921875 0.903125 0.07265625 0.06640625
0 0.078125 0.96875 0.103125 0.0625