0 0.81875 0.08203125 0.1203125 0.115625
0 0.67890625 0.02578125 0.11640625 0.0515625
0 0.97578125 0.18359375 0.0484375 0.10859375
0 0.8140625 0.271875 0.046875 0.03828125
0 0.859375 0.3078125 0.03671875 0.040625
0 0.8421875 0.34921875 0.03515625 0.03671875
0 0.871875 0.3515625 0.028125 0.0265625
0 0.86953125 0.45859375 0.03515625 0.03671875
0 0.75703125 0.45859375 0.0296875 0.03515625
0 0.815625 0.52734375 0.03828125 0.03203125
0 0.82890625 0.57421875 0.034375 0.03046875
0 0.759375 0.5328125 0.03671875 0.03828125
0 0.72265625 0.5796875 0.0359375 0.0359375
0 0.68984375 0.578125 0.0375 0.03671875
0 0.66484375 0.590625 0.0375 0.0328125
0 0.5640625 0.93828125 0.12421875 0.1140625
0 0.67109375 0.96875 0.08671875 0.0625
0 0.72734375 0.9765625 0.06953125 0.046875
0 0.24140625 0.8890625 0.115625 0.11484375
0 0.11640625 0.875 0.09375 0.11015625
0 0.21015625 0.690625 0.096875 0.1046875
0 0.25 0.64375 0.09921875 0.0984375
0 0.246875 0.4578125 0.10625 0.10390625
0 0.1875 0.19296875 0.0921875 0.1125
0 0.04375 0.24140625 0.0875 0.1359375
0 0.13125 0.04453125 0.109375 0.0890625
0 0.2421875 0.05625 0.1078125 0.0953125
0 0.25625 0.20390625 0.0375 0.04140625
0 0.45390625 0.25078125 0.07890625 0.08359375
0 0.5875 0.19453125 0.0640625 0.065625
0 0.41484375 0.184375 0.06171875 0.0578125
0 0.40078125 0.02265625 0.0921875 0.0453125
0 0.98828125 0.00859375 0.0203125 0.0171875