0 0.26796875 0.8921875 0.090625 0.096875
0 0.18671875 0.89765625 0.09375 0.10859375
0 0.246875 0.95546875 0.096875 0.0890625
0 0.16796875 0.809375 0.09375 0.09375
0 0.67109375 0.7234375 0.10234375 0.08984375
0 0.51484375 0.66640625 0.0515625 0.04375
0 0.6203125 0.6109375 0.090625 0.07734375
0 0.51875 0.58359375 0.065625 0.06640625
0 0.31171875 0.4859375 0.084375 0.0890625
0 0.246875 0.46484375 0.08125 0.084375
0 0.2484375 0.5875 0.08984375 0.06875
0 0.2765625 0.6546875 0.09375 0.07421875
0 0.059375 0.59453125 0.02421875 0.028125
0 0.09921875 0.42421875 0.0296875 0.025
0 0.5625 0.3765625 0.08671875 0.0734375
0 0.6109375 0.40234375 0.07265625 0.07421875
0 0.70234375 0.40234375 0.03515625 0.0296875
0 0.71953125 0.4359375 0.02109375 0.015625
0 0.7453125 0.4734375 0.034375 0.03203125
0 0.71484375 0.49609375 0.015625 0.01875
0 0.821875 0.5984375 0.03515625 0.03046875
0 0.93046875 0.52265625 0.04296875 0.05
0 0.71015625 0.46640625 0.01484375 0.015625
0 0.071875 0.3078125 0.034375 0.0296875
0 0.1796875 0.41015625 0.0265625 0.0265625
0 0.23046875 0.4 0.0359375 0.034375
0 0.26328125 0.40625 0.03046875 0.0296875
0 0.24375 0.37265625 0.01953125 0.028125
0 0.0078125 0.2859375 0.015625 0.01875
0 0.13671875 0.23125 0.02578125 0.02421875
0 0.11640625 0.20546875 0.034375 0.03203125
0 0.234375 0.078125 0.0515625 0.0421875
0 0.0515625 0.01484375 0.0328125 0.0296875
0 0.0265625 0.00859375 0.0265625 0.0171875
0 0.05625 0.1234375 0.0140625 0.01640625
0 0.08203125 0.13671875 0.02265625 0.015625
0 0.121875 0.159375 0.01640625 0.0125
0 0.04375 0.07578125 0.01640625 0.02109375
0 0.29375 0.01875 0.0796875 0.0375
0 0.35625 0.02109375 0.065625 0.0421875
0 0.40546875 0.0203125 0.0453125 0.040625
0 0.61484375 0.01171875 0.0578125 0.0234375
0 0.68984375 0.025 0.065625 0.05
0 0.81328125 0.3671875 0.021875 0.0265625
0 0.45390625 0.2609375 0.04609375 0.04375
0 0.984375 0.1421875 0.02890625 0.04140625