0 0.72734375 0.87890625 0.1203125 0.1046875
0 0.93046875 0.815625 0.11328125 0.1140625
0 0.984375 0.85625 0.03125 0.084375
0 0.48046875 0.6546875 0.04296875 0.03515625
0 0.50078125 0.64140625 0.03828125 0.034375
0 0.35078125 0.60859375 0.03671875 0.03671875
0 0.309375 0.65234375 0.04375 0.0328125
0 0.23125 0.628125 0.03984375 0.04375
0 0.26328125 0.953125 0.1 0.08828125
0 0.2515625 0.8296875 0.06875 0.05234375
0 0.3328125 0.73359375 0.03515625 0.02734375
0 0.35625 0.7234375 0.02734375 0.02734375
0 0.384375 0.671875 0.05390625 0.04375
0 0.459375 0.61640625 0.04296875 0.03203125
0 0.50703125 0.66875 0.0265625 0.02734375
0 0.69296875 0.41171875 0.16015625 0.15078125
0 0.23984375 0.2953125 0.14375 0.128125
0 0.071875 0.2921875 0.12421875 0.1203125
0 0.8734375 0.08046875 0.09921875 0.09453125
0 0.453125 0.3484375 0.0609375 0.0625