0 0.95859375 0.771875 0.0828125 0.1
0 0.025 0.76015625 0.025 0.028125
0 0.415625 0.8609375 0.01875 0.0203125
0 0.43359375 0.86796875 0.01953125 0.02109375
0 0.54609375 0.8015625 0.0203125 0.0203125
0 0.60234375 0.78203125 0.0234375 0.02265625
0 0.6140625 0.7171875 0.0265625 0.02265625
0 0.66015625 0.69140625 0.0203125 0.01796875
0 0.69609375 0.778125 0.01796875 0.0203125
0 0.71875 0.78203125 0.0203125 0.02421875
0 0.71171875 0.8703125 0.01640625 0.015625
0 0.73984375 0.8765625 0.0296875 0.01640625
0 0.70078125 0.9078125 0.0203125 0.02265625
0 0.6453125 0.9515625 0.08359375 0.096875
0 0.55078125 0.9859375 0.03046875 0.02734375
0 0.4546875 0.9484375 0.115625 0.103125
0 0.51640625 0.77734375 0.02421875 0.021875
0 0.65625 0.7328125 0.0203125 0.021875
0 0.97578125 0.69765625 0.0484375 0.1078125
0 0.06640625 0.9453125 0.04375 0.0375