0 0.50078125 0.3390625 0.1046875 0.10078125
0 0.49375 0.415625 0.09296875 0.075
0 0.03984375 0.13671875 0.07890625 0.0984375
0 0.025 0.08046875 0.05 0.05859375
0 0.03984375 0.1953125 0.0796875 0.065625
0 0.03125 0.34453125 0.0625 0.0640625
0 0.26953125 0.51796875 0.07578125 0.08828125
0 0.4125 0.7296875 0.1046875 0.11484375
0 0.61796875 0.65859375 0.03203125 0.0265625
0 0.2875 0.68671875 0.021875 0.0203125
0 0.35625 0.77265625 0.0265625 0.034375
0 0.04765625 0.9359375 0.0234375 0.02265625
0 0.79375 0.84765625 0.034375 0.02265625
0 0.94921875 0.646875 0.0296875 0.0203125
0 0.9171875 0.53359375 0.02265625 0.02109375
0 0.91796875 0.48046875 0.025 0.01875
0 0.35859375 0.96953125 0.0296875 0.0234375
0 0.1453125 0.9 0.0375 0.034375
0 0.02734375 0.92109375 0.021875 0.01796875
0 0.25 0.7078125 0.02265625 0.01875