0 0.10625 0.23203125 0.134375 0.1328125
0 0.834375 0.1734375 0.05 0.046875
0 0.81171875 0.26484375 0.0421875 0.0421875
0 0.87578125 0.2640625 0.040625 0.0421875
0 0.921875 0.1453125 0.046875 0.0453125
0 0.159375 0.94296875 0.109375 0.09375
0 0.9859375 0.27421875 0.028125 0.0390625
0 0.628125 0.1515625 0.046875 0.0453125
0 0.90390625 0.08359375 0.0359375 0.0375
0 0.79609375 0.3328125 0.0328125 0.034375
0 0.5921875 0.38125 0.13125 0.1203125
0 0.56953125 0.653125 0.0265625 0.025
0 0.67734375 0.4703125 0.04140625 0.03671875
0 0.0265625 0.63515625 0.053125 0.115625
0 0.990625 0.6765625 0.01875 0.0390625
0 0.978125 0.43828125 0.0359375 0.0359375
0 0.5578125 0.759375 0.028125 0.0234375
0 0.90078125 0.42109375 0.028125 0.028125
0 0.959375 0.75625 0.0375 0.03671875
0 0.0890625 0.9828125 0.0515625 0.03203125
0 0.75703125 0.9796875 0.0296875 0.0296875
0 0.4890625 0.528125 0.03203125 0.03203125
0 0.8578125 0.05625 0.0296875 0.028125
0 0.46484375 0.70546875 0.025 0.01875
0 0.79609375 0.47578125 0.05078125 0.05078125
0 0.33984375 0.97578125 0.0390625 0.0453125
0 0.9359375 0.51875 0.0453125 0.0515625
0 0.73828125 0.41328125 0.0375 0.0296875