0 0.59453125 0.07578125 0.11953125 0.128125
0 0.46875 0.446875 0.11796875 0.1140625
0 0.57421875 0.4140625 0.12421875 0.1453125
0 0.6453125 0.6515625 0.1140625 0.11015625
0 0.16875 0.4046875 0.11953125 0.11796875
0 0.1859375 0.6671875 0.0890625 0.09296875
0 0.43671875 0.871875 0.090625 0.09453125
0 0.621875 0.98359375 0.06328125 0.03203125
0 0.03203125 0.01953125 0.06328125 0.0390625
0 0.1734375 0.0203125 0.11640625 0.03984375
0 0.74609375 0.1453125 0.02265625 0.0203125
0 0.7234375 0.15 0.01875 0.01484375
0 0.7453125 0.22109375 0.01953125 0.0171875
0 0.690625 0.2125 0.0171875 0.01640625
0 0.95 0.27421875 0.02421875 0.0171875
0 0.96015625 0.2953125 0.0171875 0.0125
0 0.96015625 0.25 0.01875 0.01640625
0 0.90546875 0.246875 0.0109375 0.015625
0 0.88125 0.2390625 0.0171875 0.015625
0 0.85625 0.1046875 0.01953125 0.01875
0 0.75859375 0.05078125 0.034375 0.0296875
0 0.3421875 0.946875 0.1625 0.10625