0 0.015625 0.02421875 0.03046875 0.04765625
0 0.01015625 0.14140625 0.0203125 0.06796875
0 0.11484375 0.58828125 0.11875 0.12109375
0 0.21875 0.64453125 0.11015625 0.11328125
0 0.28125 0.55859375 0.1109375 0.1203125
0 0.37109375 0.61875 0.02734375 0.0328125
0 0.05078125 0.7703125 0.1015625 0.11875
0 0.1296875 0.88125 0.11015625 0.0953125
0 0.80703125 0.9390625 0.0359375 0.03203125
0 0.72734375 0.86328125 0.0359375 0.03984375
0 0.82578125 0.76328125 0.0359375 0.04375
0 0.58203125 0.73359375 0.025 0.02890625
0 0.475 0.71015625 0.0296875 0.02578125
0 0.4515625 0.62734375 0.02265625 0.01796875
0 0.42734375 0.70078125 0.02265625 0.0203125
0 0.4375 0.78359375 0.03203125 0.034375
0 0.3765625 0.79140625 0.01796875 0.025
0 0.32734375 0.7421875 0.02109375 0.0265625
0 0.415625 0.828125 0.0328125 0.0234375
0 0.584375 0.859375 0.01796875 0.0171875
0 0.6265625 0.8890625 0.01640625 0.01484375
0 0.678125 0.87734375 0.01953125 0.0140625
0 0.67578125 0.7390625 0.021875 0.0203125
0 0.71953125 0.64140625 0.0234375 0.0203125
0 0.86171875 0.61640625 0.025 0.0171875
0 0.8625 0.64375 0.01640625 0.01484375
0 0.77734375 0.684375 0.025 0.02265625
0 0.546875 0.9484375 0.02265625 0.01875
0 0.58984375 0.9140625 0.02265625 0.021875
0 0.81171875 0.99453125 0.03359375 0.0109375
0 0.91796875 0.9734375 0.0140625 0.01796875
0 0.48828125 0.91640625 0.02734375 0.0265625
0 0.5703125 0.8515625 0.02109375 0.01640625
0 0.59609375 0.78515625 0.034375 0.0265625
0 0.6234375 0.69609375 0.02265625 0.01640625
0 0.67265625 0.7765625 0.02265625 0.01328125
0 0.35 0.990625 0.03046875 0.01875
0 0.4296875 0.8953125 0.021875 0.01484375
0 0.18359375 0.7703125 0.02265625 0.02109375
0 0.4 0.634375 0.01640625 0.01875