0 0.56796875 0.6390625 0.09140625 0.096875
0 0.4734375 0.65859375 0.10234375 0.11796875
0 0.4453125 0.72890625 0.04921875 0.04765625
0 0.3828125 0.753125 0.0734375 0.04140625
0 0.2703125 0.76953125 0.1125 0.1125
0 0.35 0.83984375 0.05625 0.059375
0 0.4140625 0.84921875 0.059375 0.05234375
0 0.46015625 0.903125 0.04140625 0.04453125
0 0.5515625 0.88046875 0.10078125 0.10625
0 0.60625 0.8765625 0.04609375 0.04453125
0 0.496875 0.95234375 0.04765625 0.03984375
0 0.5265625 0.9828125 0.05 0.034375
0 0.30078125 0.9140625 0.128125 0.13125