0 0.8890625 0.0140625 0.08125 0.028125
0 0.98359375 0.00859375 0.0328125 0.0171875
0 0.9625 0.1421875 0.034375 0.028125
0 0.8046875 0.0734375 0.0875 0.08359375
0 0.428125 0.13125 0.0828125 0.09375
0 0.01796875 0.04609375 0.0359375 0.06953125
0 0.03203125 0.3828125 0.06328125 0.08515625
0 0.45 0.43984375 0.08359375 0.07890625
0 0.8171875 0.5703125 0.090625 0.09453125
0 0.97578125 0.53671875 0.04765625 0.0890625
0 0.80625 0.765625 0.10546875 0.09765625
0 0.82109375 0.72265625 0.09609375 0.0828125
0 0.56171875 0.76171875 0.10234375 0.09765625
0 0.4890625 0.646875 0.09375 0.090625
0 0.43515625 0.70703125 0.0734375 0.0578125
0 0.4421875 0.76171875 0.08515625 0.07578125
0 0.2734375 0.51640625 0.08671875 0.08359375
0 0.2390625 0.465625 0.08515625 0.08359375
0 0.040625 0.63671875 0.08125 0.0859375
0 0.06796875 0.70234375 0.07734375 0.07265625
0 0.06796875 0.76484375 0.0953125 0.0828125
0 0.690625 0.9109375 0.0734375 0.06953125
0 0.70546875 0.975 0.05546875 0.04765625
0 0.5515625 0.35390625 0.04765625 0.04921875
0 0.20078125 0.246875 0.02421875 0.02109375
0 0.19140625 0.27421875 0.021875 0.03203125
0 0.2859375 0.3546875 0.0203125 0.01796875
0 0.07890625 0.21328125 0.025 0.01875
0 0.01796875 0.2171875 0.02421875 0.01875
0 0.0265625 0.28046875 0.0203125 0.01875
0 0.01171875 0.26484375 0.0234375 0.02734375
0 0.07109375 0.2484375 0.01875 0.01484375
0 0.0859375 0.265625 0.01484375 0.0140625
0 0.17421875 0.31328125 0.02265625 0.01796875
0 0.23671875 0.36953125 0.02109375 0.01875
0 0.62265625 0.440625 0.02265625 0.01953125