0 0.7109375 0.7140625 0.1203125 0.121875
0 0.95546875 0.26796875 0.0890625 0.0890625
0 0.8546875 0.34375 0.0890625 0.090625
0 0.8203125 0.6984375 0.071875 0.075
0 0.0640625 0.53515625 0.1234375 0.1578125
0 0.025 0.7 0.05 0.1140625
0 0.98671875 0.4953125 0.025 0.0671875
0 0.90546875 0.68359375 0.04375 0.0390625
0 0.8390625 0.94453125 0.075 0.07265625
0 0.790625 0.95234375 0.0734375 0.071875
0 0.9875 0.9765625 0.025 0.0453125
0 0.03046875 0.4703125 0.0609375 0.090625
0 0.84453125 0.75546875 0.046875 0.04375
0 0.91640625 0.784375 0.03125 0.028125
0 0.06953125 0.89609375 0.1390625 0.1515625
0 0.3109375 0.7546875 0.04765625 0.04375
0 0.21484375 0.7484375 0.0359375 0.0375