0 0.09609375 0.93984375 0.128125 0.1203125
0 0.053125 0.67578125 0.03984375 0.0453125
0 0.26015625 0.628125 0.0328125 0.01953125
0 0.2375 0.653125 0.0203125 0.02421875
0 0.178125 0.65078125 0.02109375 0.0125
0 0.19453125 0.5453125 0.02265625 0.02421875
0 0.1234375 0.4859375 0.02578125 0.03046875
0 0.0984375 0.46953125 0.02734375 0.03125
0 0.103125 0.440625 0.02109375 0.02734375
0 0.04375 0.5671875 0.0203125 0.0203125
0 0.10859375 0.53359375 0.0265625 0.0171875
0 0.65546875 0.4421875 0.0265625 0.01484375
0 0.66328125 0.4125 0.02109375 0.0203125
0 0.67578125 0.384375 0.0203125 0.021875
0 0.8328125 0.33125 0.01953125 0.01875
0 0.9015625 0.33671875 0.0171875 0.01640625
0 0.6921875 0.6453125 0.03203125 0.0296875
0 0.6703125 0.721875 0.02578125 0.021875
0 0.9609375 0.575 0.01171875 0.0140625
0 0.99375 0.596875 0.0125 0.009375
0 0.996875 0.53125 0.00625 0.01484375
0 0.5203125 0.48515625 0.028125 0.0203125
0 0.50859375 0.5453125 0.025 0.02421875