0 0.3640625 0.94765625 0.0890625 0.08671875
0 0.3875 0.953125 0.071875 0.07734375
0 0.9015625 0.5171875 0.0953125 0.09765625
0 0.71015625 0.47265625 0.03125 0.03671875
0 0.9046875 0.22265625 0.08359375 0.0828125
0 0.95546875 0.14375 0.08671875 0.096875
0 0.890625 0.10859375 0.071875 0.06953125
0 0.85234375 0.12890625 0.08125 0.0796875
0 0.89140625 0.059375 0.0875 0.07890625
0 0.9578125 0.03203125 0.07421875 0.0640625
0 0.25390625 0.1625 0.034375 0.03125
0 0.990625 0.6046875 0.01875 0.03671875
0 0.34453125 0.3890625 0.034375 0.0265625
0 0.3640625 0.575 0.03203125 0.0328125
0 0.26875 0.76484375 0.02734375 0.028125
0 0.0078125 0.4203125 0.015625 0.028125
0 0.0078125 0.48125 0.015625 0.01875
0 0.05625 0.425 0.025 0.02265625
0 0.14921875 0.4046875 0.02421875 0.02421875
0 0.15234375 0.47109375 0.03515625 0.0265625
0 0.1515625 0.5703125 0.02734375 0.025
0 0.03828125 0.2640625 0.02578125 0.02265625
0 0.06640625 0.26796875 0.0203125 0.0265625
0 0.0078125 0.1859375 0.015625 0.025
0 0.034375 0.02265625 0.034375 0.0328125
0 0.22265625 0.15625 0.0328125 0.0328125
0 0.11640625 0.00703125 0.0140625 0.0140625
0 0.12890625 0.00546875 0.01484375 0.0109375
0 0.69140625 0.19609375 0.03203125 0.0296875
0 0.75390625 0.23125 0.0296875 0.0328125
0 0.7375 0.253125 0.0296875 0.02734375
0 0.65546875 0.2640625 0.021875 0.0265625
0 0.48515625 0.284375 0.015625 0.01484375
0 0.490625 0.29609375 0.0125 0.0140625
0 0.509375 0.31484375 0.01484375 0.015625
0 0.453125 0.34765625 0.01640625 0.01171875
0 0.471875 0.3546875 0.0140625 0.0125
0 0.46171875 0.2421875 0.01640625 0.015625
0 0.46796875 0.29765625 0.015625 0.0171875
0 0.4203125 0.240625 0.0140625 0.0171875
0 0.409375 0.2375 0.0140625 0.0140625
0 0.4046875 0.23046875 0.01171875 0.0140625
0 0.23828125 0.2828125 0.01640625 0.0140625
0 0.21484375 0.29765625 0.0171875 0.015625
0 0.225 0.28828125 0.0140625 0.015625
0 0.27109375 0.33359375 0.01875 0.01640625
0 0.25 0.32890625 0.01640625 0.0140625
0 0.27109375 0.3609375 0.03125 0.02265625
0 0.30625 0.38203125 0.0296875 0.02421875
0 0.32734375 0.36171875 0.03125 0.03046875
0 0.37265625 0.40625 0.02109375 0.01875
0 0.12265625 0.3765625 0.02265625 0.021875
0 0.128125 0.31875 0.01875 0.015625
0 0.321875 0.540625 0.025 0.02578125
0 0.26953125 0.63671875 0.025 0.02734375
0 0.29296875 0.584375 0.015625 0.01875
0 0.2796875 0.58984375 0.01484375 0.0140625
0 0.625 0.4984375 0.0203125 0.01875
0 0.50078125 0.46015625 0.02578125 0.021875
0 0.44609375 0.4421875 0.01953125 0.015625
0 0.60625 0.39375 0.034375 0.034375
0 0.6296875 0.384375 0.0265625 0.0296875
0 0.6703125 0.49921875 0.01640625 0.0171875
0 0.65546875 0.50078125 0.0171875 0.01875
0 0.709375 0.57578125 0.02109375 0.02265625
0 0.96796875 0.61796875 0.0265625 0.034375
0 0.1390625 0.271875 0.02265625 0.01640625
0 0.428125 0.553125 0.01484375 0.01171875