0 0.284375 0.025 0.08984375 0.05
0 0.4203125 0.14765625 0.08984375 0.08828125
0 0.16328125 0.15546875 0.08046875 0.08984375
0 0.4640625 0.28125 0.07421875 0.07734375
0 0.50390625 0.4296875 0.075 0.08203125
0 0.43828125 0.41875 0.07109375 0.075
0 0.26640625 0.39296875 0.028125 0.02265625
0 0.28359375 0.425 0.0234375 0.0203125
0 0.06328125 0.34453125 0.0484375 0.04453125
0 0.03359375 0.609375 0.0671875 0.08125
0 0.325 0.78359375 0.0828125 0.06640625
0 0.5390625 0.92421875 0.07109375 0.065625
0 0.5203125 0.9734375 0.08515625 0.05234375
0 0.81015625 0.5953125 0.01875 0.01953125
0 0.26875 0.98125 0.0265625 0.01875
0 0.29921875 0.86875 0.015625 0.015625
0 0.0140625 0.71171875 0.02109375 0.02421875
0 0.7890625 0.58828125 0.01953125 0.01484375