0 0.03203125 0.2296875 0.0640625 0.11171875
0 0.51328125 0.675 0.0828125 0.096875
0 0.4875 0.4390625 0.0515625 0.05
0 0.54609375 0.58828125 0.0375 0.05390625
0 0.78671875 0.30625 0.11875 0.1109375
0 0.82421875 0.0296875 0.11484375 0.059375
0 0.92265625 0.046875 0.04453125 0.04765625
0 0.9765625 0.06015625 0.04609375 0.1203125
0 0.9828125 0.27109375 0.034375 0.04765625
0 0.771875 0.84140625 0.121875 0.121875
0 0.8734375 0.84296875 0.115625 0.12421875
0 0.9875 0.42265625 0.025 0.0359375
0 0.95 0.3078125 0.02265625 0.0265625