0 0.63359375 0.0234375 0.10859375 0.046875
0 0.53828125 0.04609375 0.10859375 0.0921875
0 0.575 0.12890625 0.11015625 0.11875
0 0.4140625 0.2625 0.11328125 0.1140625
0 0.3640625 0.31328125 0.1125 0.10625
0 0.27890625 0.20234375 0.03203125 0.03671875
0 0.04375 0.18828125 0.028125 0.021875
0 0.671875 0.315625 0.04375 0.0359375
0 0.7125 0.3296875 0.03984375 0.04140625
0 0.61640625 0.27265625 0.0328125 0.03125
0 0.60390625 0.32734375 0.04765625 0.04375
0 0.62265625 0.3796875 0.0359375 0.03515625
0 0.6828125 0.41484375 0.034375 0.0328125
0 0.6578125 0.39921875 0.04609375 0.040625
0 0.57421875 0.3765625 0.03671875 0.03515625
0 0.55078125 0.50625 0.0921875 0.09765625
0 0.503125 0.46171875 0.03125 0.03125
0 0.4484375 0.4578125 0.0328125 0.03046875
0 0.3859375 0.41484375 0.046875 0.046875
0 0.35390625 0.50390625 0.0625 0.05390625
0 0.4640625 0.5984375 0.0359375 0.03515625
0 0.509375 0.5640625 0.05234375 0.04296875
0 0.53125 0.628125 0.040625 0.0296875
0 0.50546875 0.61171875 0.03671875 0.03203125
0 0.6109375 0.59375 0.04609375 0.03125
0 0.6953125 0.646875 0.04296875 0.0359375
0 0.76875 0.64453125 0.11015625 0.09375
0 0.84453125 0.60703125 0.0921875 0.096875
0 0.98125 0.54296875 0.0375 0.0359375
0 0.96953125 0.565625 0.03984375 0.03515625
0 0.9359375 0.56015625 0.0328125 0.03203125
0 0.98828125 0.6734375 0.0234375 0.040625
0 0.8578125 0.78203125 0.03671875 0.0296875
0 0.8828125 0.815625 0.0359375 0.03046875
0 0.80078125 0.82109375 0.0375 0.0328125
0 0.771875 0.76171875 0.0421875 0.03671875
0 0.75078125 0.8109375 0.04765625 0.046875
0 0.73125 0.8 0.03828125 0.034375
0 0.65234375 0.79375 0.05625 0.046875
0 0.6265625 0.82890625 0.040625 0.03828125
0 0.59453125 0.9078125 0.0890625 0.10078125
0 0.49921875 0.87890625 0.109375 0.103125
0 0.2515625 0.8515625 0.16484375 0.1421875
0 0.36796875 0.64765625 0.0640625 0.05703125
0 0.08984375 0.5765625 0.03828125 0.03515625
0 0.1234375 0.5578125 0.0296875 0.0328125
0 0.1421875 0.64921875 0.046875 0.04609375
0 0.09609375 0.63125 0.046875 0.05
0 0.09453125 0.73046875 0.04609375 0.0375
0 0.025 0.7921875 0.04765625 0.05390625
0 0.071875 0.85546875 0.04375 0.03984375
0 0.0484375 0.846875 0.040625 0.04140625
0 0.6734375 0.5578125 0.03984375 0.03671875
0 0.6515625 0.525 0.0453125 0.04296875
0 0.24296875 0.6765625 0.05859375 0.0578125