0 0.3171875 0.940625 0.0234375 0.025
0 0.328125 0.93828125 0.0484375 0.0453125
0 0.13359375 0.1046875 0.04765625 0.0484375
0 0.2125 0.02109375 0.053125 0.0421875
0 0.35390625 0.034375 0.04609375 0.0421875
0 0.4046875 0.06640625 0.0484375 0.0375
0 0.26484375 0.0765625 0.0453125 0.03984375
0 0.28984375 0.1828125 0.053125 0.04609375
0 0.2359375 0.21953125 0.04765625 0.040625
0 0.1859375 0.28671875 0.05234375 0.05
0 0.24296875 0.37109375 0.0796875 0.059375
0 0.178125 0.46484375 0.10546875 0.078125
0 0.28046875 0.4609375 0.10078125 0.09453125
0 0.50625 0.39921875 0.103125 0.09453125
0 0.62421875 0.35546875 0.1203125 0.0953125
0 0.63203125 0.1578125 0.0984375 0.08125
0 0.77265625 0.17578125 0.0609375 0.05078125
0 0.8421875 0.1046875 0.07734375 0.0609375
0 0.9890625 0.0671875 0.021875 0.0671875
0 0.97890625 0.0625 0.0421875 0.05625
0 0.84609375 0.45859375 0.1203125 0.115625
0 0.7046875 0.271875 0.0453125 0.05234375
0 0.8484375 0.7546875 0.08125 0.08828125
0 0.98359375 0.7765625 0.0328125 0.1125
0 0.98125 0.7109375 0.0375 0.05234375
0 0.634375 0.7640625 0.08828125 0.090625
0 0.7234375 0.78125 0.0890625 0.0953125
0 0.45625 0.6296875 0.1 0.09765625
0 0.39921875 0.71328125 0.0828125 0.07734375
0 0.334375 0.6625 0.09296875 0.096875
0 0.0828125 0.87109375 0.08203125 0.07421875
0 0.82265625 0.25078125 0.0609375 0.05703125