0 0.7671875 0.7265625 0.1046875 0.10546875
0 0.98359375 0.83984375 0.0328125 0.10078125
0 0.9890625 0.70078125 0.021875 0.05625
0 0.90703125 0.5109375 0.065625 0.05859375
0 0.6046875 0.784375 0.08515625 0.07890625
0 0.69609375 0.8796875 0.07890625 0.06953125
0 0.3109375 0.6921875 0.1125 0.10390625
0 0.1625 0.72578125 0.103125 0.10859375
0 0.2296875 0.63671875 0.125 0.121875
0 0.33125 0.40703125 0.1 0.08359375
0 0.28046875 0.35546875 0.10234375 0.08515625
0 0.1703125 0.3359375 0.10078125 0.1
0 0.10625 0.35625 0.0796875 0.09453125
0 0.25546875 0.14140625 0.08671875 0.09765625
0 0.4796875 0.10390625 0.11015625 0.1046875
0 0.58046875 0.05625 0.0671875 0.0671875
0 0.5515625 0.02265625 0.04765625 0.0453125
0 0.2875 0.84296875 0.0890625 0.08515625
0 0.2203125 0.84765625 0.121875 0.1390625
0 0.9921875 0.559375 0.015625 0.02109375