0 0.35390625 0.12421875 0.0421875 0.0546875
0 0.86328125 0.16640625 0.121875 0.1234375
0 0.78359375 0.196875 0.128125 0.121875
0 0.8140625 0.55 0.1359375 0.128125
0 0.7703125 0.33828125 0.140625 0.1296875
0 0.8578125 0.7171875 0.1171875 0.1109375
0 0.96796875 0.03203125 0.0640625 0.0640625
0 0.3828125 0.33046875 0.0390625 0.05
0 0.4234375 0.25703125 0.0359375 0.0375
0 0.30390625 0.3765625 0.0234375 0.0203125
0 0.49921875 0.31796875 0.03203125 0.03828125
0 0.25234375 0.55 0.0359375 0.034375
0 0.88359375 0.95625 0.0953125 0.0859375
0 0.1125 0.4375 0.03125 0.02890625
0 0.13046875 0.1953125 0.046875 0.040625
0 0.44765625 0.084375 0.0484375 0.05
0 0.22421875 0.634375 0.034375 0.03125
0 0.28046875 0.49296875 0.03671875 0.04296875
0 0.06796875 0.4046875 0.0265625 0.0234375
0 0.9125 0.64296875 0.0859375 0.0828125
0 0.96015625 0.87265625 0.0796875 0.0703125
0 0.32578125 0.5921875 0.034375 0.0296875
0 0.01640625 0.546875 0.03046875 0.021875
0 0.08828125 0.42578125 0.021875 0.02265625
0 0.06015625 0.265625 0.02265625 0.01796875
0 0.07734375 0.3375 0.01875 0.01484375
0 0.0859375 0.35703125 0.0125 0.01015625
0 0.2609375 0.33515625 0.03671875 0.03984375
0 0.2703125 0.28515625 0.03125 0.02890625
0 0.22265625 0.33203125 0.040625 0.03828125
0 0.83046875 0.62421875 0.096875 0.0875
0 0.00625 0.79921875 0.0125 0.0265625
0 0.0671875 0.5015625 0.03125 0.028125
0 0.06484375 0.54375 0.025 0.02265625
0 0.0453125 0.56953125 0.01953125 0.02265625
0 0.21875 0.55390625 0.0203125 0.03046875
0 0.44609375 0.9140625 0.03359375 0.03671875
0 0.471875 0.44609375 0.034375 0.03125
0 0.49375 0.41953125 0.0203125 0.0234375
0 0.42265625 0.4578125 0.03046875 0.0203125
0 0.41328125 0.48359375 0.03125 0.03203125
0 0.53984375 0.47265625 0.03359375 0.03203125
0 0.49609375 0.06796875 0.0359375 0.02890625
0 0.48359375 0.0875 0.03359375 0.0296875