0 0.7046875 0.40859375 0.11640625 0.1203125
0 0.76796875 0.44140625 0.10390625 0.121875
0 0.80859375 0.2796875 0.0984375 0.103125
0 0.65703125 0.4703125 0.08515625 0.10234375
0 0.49921875 0.49296875 0.11640625 0.1203125
0 0.575 0.50390625 0.0578125 0.075
0 0.17734375 0.14921875 0.1265625 0.103125
0 0.8515625 0.14453125 0.05078125 0.04609375
0 0.8140625 0.02109375 0.02265625 0.0421875
0 0.87578125 0.03203125 0.02421875 0.0265625
0 0.41484375 0.58046875 0.11484375 0.1140625
0 0.93125 0.1921875 0.028125 0.03046875
0 0.92421875 0.225 0.03203125 0.025