0 0.803125 0.24453125 0.0921875 0.09296875
0 0.71328125 0.04140625 0.09296875 0.0828125
0 0.73984375 0.01875 0.07890625 0.03671875
0 0.80234375 0.01796875 0.06328125 0.0359375
0 0.54375 0.3484375 0.0703125 0.06796875
0 0.58125 0.41328125 0.065625 0.075
0 0.490625 0.37890625 0.071875 0.06953125
0 0.4765625 0.33203125 0.08515625 0.08515625
0 0.41171875 0.34765625 0.07734375 0.07890625
0 0.3875 0.503125 0.07890625 0.08828125
0 0.50703125 0.51171875 0.08125 0.09453125
0 0.42265625 0.61875 0.075 0.0859375
0 0.6828125 0.79453125 0.0890625 0.0921875
0 0.609375 0.77578125 0.0796875 0.08046875
0 0.3546875 0.78515625 0.07109375 0.0625
0 0.29296875 0.8015625 0.08671875 0.0609375
0 0.23671875 0.871875 0.04296875 0.03828125
0 0.04609375 0.8078125 0.03359375 0.02734375
0 0.02421875 0.7953125 0.0265625 0.034375
0 0.94453125 0.6265625 0.02421875 0.02421875
0 0.9875 0.66328125 0.025 0.075
0 0.70703125 0.23671875 0.08359375 0.08828125
0 0.9859375 0.72734375 0.0265625 0.03203125
0 0.95859375 0.78984375 0.028125 0.02265625
0 0.61640625 0.72578125 0.04375 0.04609375
0 0.4328125 0.771875 0.0453125 0.04453125
0 0.41015625 0.8109375 0.0359375 0.034375
0 0.03671875 0.8765625 0.02265625 0.01953125
0 0.00703125 0.75546875 0.01328125 0.0203125
0 0.12578125 0.959375 0.0203125 0.0140625
0 0.07734375 0.9375 0.03203125 0.0203125
0 0.05390625 0.9203125 0.0265625 0.021875