0 0.29296875 0.51953125 0.07890625 0.08671875
0 0.1703125 0.26953125 0.08359375 0.08203125
0 0.74140625 0.19296875 0.07421875 0.0640625
0 0.76796875 0.22265625 0.07421875 0.065625
0 0.86171875 0.096875 0.06875 0.08203125
0 0.915625 0.4859375 0.07421875 0.0765625
0 0.89375 0.6875 0.078125 0.08828125
0 0.878125 0.89609375 0.09296875 0.07890625
0 0.60859375 0.80546875 0.0765625 0.0828125
0 0.6296875 0.9890625 0.08125 0.021875
0 0.753125 0.984375 0.071875 0.03125
0 0.8359375 0.984375 0.08203125 0.03125
0 0.98203125 0.59140625 0.0359375 0.078125