0 0.7921875 0.4078125 0.09921875 0.10234375
0 0.9859375 0.4140625 0.02734375 0.040625
0 0.96796875 0.4296875 0.02890625 0.034375
0 0.98828125 0.44921875 0.02265625 0.03046875
0 0.9734375 0.6875 0.03125 0.034375
0 0.4796875 0.73046875 0.09921875 0.10703125
0 0.56484375 0.7109375 0.09453125 0.09609375
0 0.5109375 0.90234375 0.0890625 0.08515625
0 0.4625 0.91875 0.08671875 0.07890625
0 0.778125 0.790625 0.0828125 0.071875
0 0.9078125 0.97578125 0.065625 0.0484375
0 0.79453125 0.9578125 0.08125 0.08125
0 0.734375 0.8765625 0.0953125 0.07890625
0 0.66796875 0.8203125 0.09296875 0.0796875
0 0.85625 0.8578125 0.0765625 0.07265625
0 0.3171875 0.8078125 0.0203125 0.01484375
0 0.43671875 0.7890625 0.02421875 0.0265625
0 0.25703125 0.87578125 0.02265625 0.0203125
0 0.140625 0.95703125 0.0140625 0.01875
0 0.0671875 0.94375 0.01875 0.01875
0 0.10234375 0.8890625 0.0234375 0.0171875
0 0.01875 0.953125 0.01796875 0.01328125
0 0.02265625 0.92734375 0.01640625 0.015625
0 0.25 0.984375 0.01640625 0.01875
0 0.2203125 0.9 0.0140625 0.0125
0 0.24921875 0.89921875 0.01171875 0.01171875
0 0.228125 0.75078125 0.01640625 0.01328125
0 0.12109375 0.95625 0.01640625 0.01484375