0 0.3078125 0.12734375 0.13203125 0.11875
0 0.3859375 0.12421875 0.0984375 0.11953125
0 0.55703125 0.08671875 0.12890625 0.1234375
0 0.5953125 0.39765625 0.12578125 0.1203125
0 0.2703125 0.16640625 0.11953125 0.12109375
0 0.1828125 0.5171875 0.1265625 0.1140625
0 0.21171875 0.62421875 0.10078125 0.08984375
0 0.37890625 0.59296875 0.1078125 0.090625
0 0.54609375 0.9109375 0.12890625 0.13359375
0 0.39296875 0.90234375 0.14609375 0.11953125
0 0.09765625 0.9 0.11015625 0.096875
0 0.0390625 0.92890625 0.078125 0.09453125
0 0.31015625 0.715625 0.12578125 0.10078125