0 0.4671875 0.015625 0.090625 0.03125
0 0.878125 0.0484375 0.12578125 0.096875
0 0.76875 0.16953125 0.109375 0.10546875
0 0.4546875 0.10859375 0.09921875 0.1140625
0 0.365625 0.1125 0.09921875 0.10859375
0 0.35625 0.22109375 0.1078125 0.1109375
0 0.11875 0.47421875 0.0796875 0.08125
0 0.30546875 0.496875 0.10859375 0.10625
0 0.4921875 0.4703125 0.1109375 0.11953125
0 0.6890625 0.23125 0.11328125 0.11953125
0 0.6359375 0.29609375 0.0984375 0.096875
0 0.57890625 0.3578125 0.08515625 0.10625
0 0.80078125 0.41328125 0.13125 0.13359375
0 0.6671875 0.61015625 0.1046875 0.1140625
0 0.6359375 0.71171875 0.11875 0.1109375
0 0.8734375 0.73984375 0.11640625 0.1140625
0 0.31953125 0.878125 0.10078125 0.11328125
0 0.2640625 0.90078125 0.09296875 0.103125
0 0.38984375 0.87421875 0.09296875 0.09921875
0 0.48671875 0.8671875 0.0984375 0.10234375
0 0.55546875 0.98203125 0.1140625 0.0359375
0 0.72578125 0.95390625 0.1046875 0.0921875
0 0.7859375 0.97890625 0.115625 0.0421875
0 0.5921875 0.8234375 0.059375 0.06796875
0 0.75234375 0.87734375 0.0796875 0.071875