0 0.06875 0.496875 0.0515625 0.04765625
0 0.0359375 0.47265625 0.03515625 0.0359375
0 0.1921875 0.5421875 0.0765625 0.0796875
0 0.01484375 0.62890625 0.0296875 0.0328125
0 0.04375 0.68828125 0.04296875 0.034375
0 0.140625 0.98046875 0.115625 0.0390625
0 0.56171875 0.80390625 0.03046875 0.03046875
0 0.596875 0.8546875 0.040625 0.0375
0 0.33671875 0.634375 0.04296875 0.03046875
0 0.4 0.71171875 0.0265625 0.02578125
0 0.38046875 0.69140625 0.0328125 0.03203125
0 0.44921875 0.70234375 0.04296875 0.034375
0 0.49765625 0.646875 0.03203125 0.034375
0 0.5203125 0.709375 0.03671875 0.04296875
0 0.55078125 0.66953125 0.028125 0.0265625
0 0.50625 0.67578125 0.034375 0.02578125
0 0.325 0.53984375 0.03984375 0.0359375
0 0.3375 0.48125 0.03203125 0.02734375
0 0.31171875 0.4625 0.046875 0.03984375
0 0.21171875 0.4046875 0.03828125 0.03984375
0 0.26328125 0.36015625 0.0453125 0.034375
0 0.39140625 0.36015625 0.03984375 0.0328125
0 0.3671875 0.31953125 0.0359375 0.02734375
0 0.403125 0.34140625 0.02578125 0.02109375
0 0.584375 0.2515625 0.03046875 0.0265625
0 0.86875 0.6296875 0.04140625 0.0359375
0 0.825 0.58203125 0.034375 0.0296875
0 0.6765625 0.56953125 0.02109375 0.01953125
0 0.6984375 0.56875 0.02578125 0.021875
0 0.77578125 0.475 0.02734375 0.02265625
0 0.596875 0.78671875 0.0296875 0.02421875
0 0.7375 0.7609375 0.03125 0.0328125
0 0.66875 0.74765625 0.0421875 0.0359375
0 0.62421875 0.721875 0.03984375 0.034375
0 0.69921875 0.70390625 0.03828125 0.03671875
0 0.91484375 0.67265625 0.05078125 0.03828125
0 0.97265625 0.7140625 0.05 0.040625
0 0.9390625 0.696875 0.03515625 0.03125
0 0.98671875 0.525 0.0265625 0.0515625
0 0.96953125 0.45234375 0.0484375 0.04140625
0 0.98125 0.4234375 0.0375 0.0375
0 0.97265625 0.48984375 0.0453125 0.03125
0 0.9828125 0.58359375 0.034375 0.03828125
0 0.12890625 0.17578125 0.1046875 0.10234375
0 0.29609375 0.11640625 0.02421875 0.01640625