0 0.15 0.0484375 0.10625 0.096875
0 0.228125 0.10390625 0.109375 0.09375
0 0.259375 0.29609375 0.115625 0.11328125
0 0.28515625 0.37734375 0.12109375 0.121875
0 0.32890625 0.7453125 0.08359375 0.08984375
0 0.234375 0.76875 0.08984375 0.0875
0 0.36171875 0.95859375 0.11328125 0.0828125
0 0.56328125 0.715625 0.12421875 0.128125
0 0.65 0.6546875 0.1453125 0.14375
0 0.89296875 0.65546875 0.13125 0.1140625
0 0.73515625 0.18046875 0.12421875 0.128125
0 0.63984375 0.240625 0.10859375 0.115625
0 0.8375 0.1734375 0.1109375 0.1234375