0 0.96484375 0.0453125 0.06953125 0.090625
0 0.790625 0.1640625 0.04296875 0.03984375
0 0.73203125 0.1296875 0.09609375 0.08671875
0 0.66875 0.21484375 0.08515625 0.08359375
0 0.80859375 0.3421875 0.10078125 0.0890625
0 0.58671875 0.32734375 0.09375 0.10390625
0 0.66171875 0.346875 0.0875 0.0921875
0 0.85078125 0.56875 0.08359375 0.0953125
0 0.94453125 0.59375 0.02734375 0.03046875
0 0.44453125 0.36796875 0.0515625 0.04609375
0 0.528125 0.31328125 0.028125 0.0390625
0 0.32734375 0.4859375 0.05234375 0.0421875
0 0.3375 0.5265625 0.04375 0.04765625
0 0.0140625 0.60546875 0.028125 0.0484375
0 0.0953125 0.74375 0.04765625 0.04921875
0 0.365625 0.65625 0.04453125 0.04765625
0 0.3171875 0.625 0.034375 0.04609375
0 0.465625 0.6953125 0.0953125 0.10078125
0 0.3703125 0.75 0.046875 0.04375
0 0.56484375 0.77265625 0.08125 0.07578125
0 0.65234375 0.6046875 0.084375 0.08359375
0 0.5765625 0.6046875 0.05859375 0.07890625
0 0.62734375 0.66796875 0.1046875 0.090625
0 0.7484375 0.7453125 0.08203125 0.0890625
0 0.84609375 0.796875 0.10078125 0.103125
0 0.91328125 0.85546875 0.0984375 0.0890625
0 0.8 0.80625 0.0890625 0.084375
0 0.79765625 0.9453125 0.07890625 0.07109375
0 0.72421875 0.98046875 0.0765625 0.0390625
0 0.49921875 0.875 0.09609375 0.096875
0 0.47578125 0.9625 0.096875 0.07421875
0 0.39375 0.490625 0.05625 0.0578125
0 0.4625 0.49140625 0.02421875 0.0203125
0 0.9109375 0.42109375 0.10234375 0.1046875
0 0.97734375 0.090625 0.0453125 0.03125
0 0.99140625 0.19765625 0.0171875 0.04453125
0 0.99140625 0.5828125 0.01640625 0.05234375