0 0.35546875 0.34296875 0.1109375 0.10859375
0 0.55859375 0.5484375 0.0359375 0.0359375
0 0.8609375 0.66015625 0.0171875 0.0203125
0 0.86640625 0.67734375 0.03359375 0.02421875
0 0.8421875 0.71484375 0.021875 0.025
0 0.79765625 0.7046875 0.01796875 0.01640625
0 0.57109375 0.6609375 0.01875 0.02421875
0 0.628125 0.68359375 0.01875 0.01875
0 0.6328125 0.6515625 0.0203125 0.015625
0 0.62109375 0.70390625 0.01484375 0.021875
0 0.609375 0.7546875 0.01875 0.0171875
0 0.4546875 0.80703125 0.034375 0.03046875
0 0.2171875 0.81015625 0.07890625 0.08671875
0 0.234375 0.228125 0.10859375 0.10390625
0 0.115625 0.18125 0.09921875 0.09609375
0 0.028125 0.465625 0.05546875 0.10703125
0 0.0671875 0.51953125 0.08671875 0.05
0 0.040625 0.5953125 0.06171875 0.0671875
0 0.1265625 0.7703125 0.10703125 0.1203125
0 0.08203125 0.95 0.07890625 0.08828125
0 0.01796875 0.92109375 0.0359375 0.0453125
0 0.22421875 0.99140625 0.0828125 0.0171875
0 0.44921875 0.24140625 0.0359375 0.03046875
0 0.44453125 0.28671875 0.034375 0.028125
0 0.296875 0.4265625 0.075 0.06875
0 0.190625 0.578125 0.05 0.0421875
0 0.415625 0.0328125 0.02109375 0.02265625