0 0.978125 0.12109375 0.04375 0.09921875
0 0.98203125 0.0171875 0.0359375 0.034375
0 0.79453125 0.15859375 0.03828125 0.02734375
0 0.734375 0.0875 0.0515625 0.03984375
0 0.759375 0.1390625 0.03203125 0.03203125
0 0.75703125 0.1859375 0.034375 0.03203125
0 0.709375 0.2109375 0.03828125 0.028125
0 0.9078125 0.425 0.128125 0.11796875
0 0.6125 0.29296875 0.03984375 0.040625
0 0.2953125 0.40703125 0.03046875 0.03359375
0 0.28515625 0.4515625 0.03515625 0.02734375
0 0.31171875 0.46875 0.025 0.02265625
0 0.24375 0.50859375 0.0265625 0.0234375
0 0.28359375 0.4984375 0.0203125 0.0140625
0 0.54296875 0.8375 0.04296875 0.04375
0 0.2640625 0.853125 0.021875 0.025
0 0.2421875 0.934375 0.040625 0.03828125
0 0.21640625 0.5078125 0.0203125 0.01875
0 0.27265625 0.68359375 0.0234375 0.01875