0 0.29296875 0.5421875 0.0953125 0.1
0 0.225 0.56171875 0.06328125 0.08203125
0 0.1578125 0.58359375 0.08984375 0.0921875
0 0.0265625 0.69765625 0.053125 0.0796875
0 0.27109375 0.7703125 0.0828125 0.07890625
0 0.20234375 0.7609375 0.075 0.07421875
0 0.61171875 0.790625 0.09296875 0.075
0 0.66484375 0.78671875 0.05546875 0.05546875
0 0.7328125 0.86796875 0.096875 0.08515625
0 0.61328125 0.8625 0.08671875 0.0625
0 0.94140625 0.884375 0.1140625 0.08828125
0 0.93984375 0.99453125 0.0546875 0.0109375
0 0.74453125 0.51015625 0.04375 0.03828125
0 0.80859375 0.471875 0.05078125 0.04765625
0 0.71328125 0.38203125 0.0421875 0.03828125
0 0.66171875 0.353125 0.03125 0.03046875
0 0.60859375 0.40546875 0.0375 0.03671875
0 0.61796875 0.44375 0.03125 0.03515625
0 0.57265625 0.48359375 0.03515625 0.02578125
0 0.54453125 0.4828125 0.03046875 0.03046875
0 0.49375 0.39765625 0.046875 0.04140625
0 0.54453125 0.36796875 0.0375 0.0484375
0 0.48515625 0.1890625 0.03828125 0.03515625
0 0.5203125 0.1890625 0.034375 0.0375
0 0.5765625 0.10859375 0.03515625 0.03203125
0 0.6109375 0.12109375 0.04765625 0.034375
0 0.63671875 0.1765625 0.03984375 0.0328125
0 0.6828125 0.13359375 0.03828125 0.0359375
0 0.72421875 0.0890625 0.04765625 0.03828125
0 0.77265625 0.1234375 0.04765625 0.034375
0 0.83046875 0.1625 0.0375 0.03046875
0 0.7578125 0.2625 0.034375 0.03515625
0 0.78515625 0.2953125 0.04140625 0.02421875
0 0.81171875 0.33203125 0.05703125 0.04140625
0 0.86640625 0.3140625 0.03984375 0.03671875
0 0.96171875 0.13984375 0.02265625 0.02265625
0 0.9125 0.015625 0.034375 0.03125
0 0.4203125 0.04765625 0.0265625 0.0265625
0 0.090625 0.22578125 0.03671875 0.0328125
0 0.1703125 0.240625 0.028125 0.0296875
0 0.621875 0.0734375 0.0453125 0.03828125
0 0.6703125 0.465625 0.075 0.06640625
0 0.72421875 0.478125 0.05 0.0421875
0 0.20390625 0.428125 0.075 0.08671875
0 0.1484375 0.41015625 0.07265625 0.08203125
0 0.51953125 0.28203125 0.04140625 0.0375