0 0.3484375 0.0515625 0.0859375 0.08125
0 0.92734375 0.034375 0.0890625 0.06875
0 0.96328125 0.26796875 0.0734375 0.109375
0 0.378125 0.43359375 0.12265625 0.121875
0 0.596875 0.59375 0.059375 0.06875
0 0.54609375 0.6546875 0.059375 0.07109375
0 0.50703125 0.6015625 0.0515625 0.0640625
0 0.2734375 0.6109375 0.06640625 0.0578125
0 0.14609375 0.959375 0.1015625 0.08125
0 0.9578125 0.90859375 0.08359375 0.11015625
0 0.8421875 0.39921875 0.10078125 0.11171875
0 0.78984375 0.24609375 0.08515625 0.0796875
0 0.865625 0.21484375 0.1 0.07734375
0 0.7890625 0.59609375 0.08671875 0.07578125
0 0.8078125 0.675 0.06171875 0.07109375
0 0.946875 0.97265625 0.10625 0.05390625
0 0.08203125 0.81171875 0.0875 0.04921875
0 0.01171875 0.88671875 0.0234375 0.0796875