0 0.321875 0.70390625 0.10625 0.09453125
0 0.17109375 0.67890625 0.1234375 0.115625
0 0.05234375 0.6125 0.1046875 0.121875
0 0.065625 0.88359375 0.09296875 0.08984375
0 0.015625 0.8625 0.03125 0.071875
0 0.18046875 0.4375 0.14765625 0.134375
0 0.5171875 0.453125 0.10625 0.0921875
0 0.396875 0.46484375 0.1125 0.1078125
0 0.04296875 0.29921875 0.0859375 0.0671875
0 0.0421875 0.50703125 0.084375 0.09296875
0 0.221875 0.128125 0.04296875 0.0328125
0 0.25390625 0.09765625 0.040625 0.03046875
0 0.31875 0.11953125 0.0515625 0.03515625
0 0.41875 0.04375 0.03203125 0.02734375
0 0.56484375 0.0890625 0.03046875 0.02734375
0 0.92734375 0.046875 0.01640625 0.01484375
0 0.89375 0.05390625 0.0171875 0.01875
0 0.4796875 0.32109375 0.05 0.03515625
0 0.528125 0.34609375 0.04296875 0.034375
0 0.35859375 0.29921875 0.05546875 0.0359375
0 0.2765625 0.22578125 0.0328125 0.02734375
0 0.91953125 0.009375 0.015625 0.0125