0 0.8296875 0.10703125 0.11328125 0.10390625
0 0.89375 0.0140625 0.096875 0.028125
0 0.91484375 0.4578125 0.10625 0.10078125
0 0.97890625 0.425 0.0421875 0.1
0 0.159375 0.475 0.04765625 0.0328125
0 0.20234375 0.6390625 0.03671875 0.03984375
0 0.20703125 0.71015625 0.0296875 0.025
0 0.16796875 0.73203125 0.03828125 0.0375
0 0.13046875 0.89453125 0.10625 0.09921875
0 0.23203125 0.96171875 0.04140625 0.03125
0 0.2015625 0.95546875 0.03046875 0.0359375
0 0.16015625 0.98359375 0.04609375 0.0328125
0 0.5265625 0.90703125 0.03671875 0.040625
0 0.49375 0.9109375 0.0359375 0.040625
0 0.603125 0.96015625 0.03046875 0.03125
0 0.5890625 0.98671875 0.05 0.0265625
0 0.9703125 0.9546875 0.059375 0.0875
0 0.9484375 0.6875 0.103125 0.140625
0 0.54921875 0.61171875 0.04296875 0.04296875
0 0.56875 0.578125 0.046875 0.03828125