0 0.21015625 0.134375 0.0984375 0.1046875
0 0.12578125 0.04609375 0.1 0.090625
0 0.0328125 0.12734375 0.065625 0.0859375
0 0.0765625 0.21171875 0.08203125 0.07890625
0 0.02109375 0.190625 0.0421875 0.0796875
0 0.15390625 0.40546875 0.096875 0.10234375
0 0.2203125 0.40234375 0.03671875 0.040625
0 0.096875 0.503125 0.034375 0.0265625
0 0.053125 0.8171875 0.0453125 0.04609375
0 0.1125 0.8265625 0.0265625 0.02734375
0 0.3796875 0.4140625 0.021875 0.0171875
0 0.32734375 0.35703125 0.02265625 0.0171875
0 0.38203125 0.3421875 0.0171875 0.0171875
0 0.246875 0.19609375 0.0359375 0.03125
0 0.28359375 0.1890625 0.04140625 0.0359375
0 0.375 0.1328125 0.03125 0.03046875
0 0.36875 0.2046875 0.0296875 0.02421875
0 0.39765625 0.4296875 0.025 0.02265625
0 0.62578125 0.51328125 0.03046875 0.0265625
0 0.65703125 0.50390625 0.0328125 0.02734375
0 0.7328125 0.49375 0.0265625 0.0265625
0 0.746875 0.54765625 0.0375 0.03515625
0 0.77578125 0.559375 0.0328125 0.0296875
0 0.93671875 0.53515625 0.03125 0.02265625
0 0.93515625 0.49921875 0.0359375 0.02265625
0 0.93046875 0.4484375 0.03515625 0.03203125
0 0.9484375 0.46015625 0.0296875 0.02578125
0 0.8546875 0.40703125 0.02734375 0.03203125
0 0.91328125 0.32265625 0.028125 0.03515625
0 0.8515625 0.29609375 0.0890625 0.08359375
0 0.69296875 0.325 0.09375 0.09375
0 0.60859375 0.3265625 0.09296875 0.0953125
0 0.503125 0.26171875 0.09453125 0.096875
0 0.66484375 0.23359375 0.09375 0.09453125
0 0.97109375 0.24609375 0.025 0.025
0 0.98984375 0.24375 0.0203125 0.028125
0 0.99296875 0.21328125 0.0140625 0.01875
0 0.946875 0.14375 0.10625 0.1
0 0.5015625 0.0421875 0.01171875 0.0125
0 0.39375 0.0125 0.02265625 0.0203125
0 0.053125 0.0125 0.08125 0.025