0 0.61328125 0.5140625 0.10078125 0.0984375
0 0.86953125 0.46328125 0.05703125 0.04765625
0 0.8765625 0.534375 0.05234375 0.05546875
0 0.878125 0.50625 0.05546875 0.0375
0 0.8703125 0.63671875 0.05859375 0.0421875
0 0.80546875 0.7203125 0.1 0.0984375
0 0.74140625 0.7765625 0.03671875 0.028125
0 0.69453125 0.9296875 0.06328125 0.06171875
0 0.7890625 0.97890625 0.06875 0.0421875
0 0.64140625 0.9734375 0.028125 0.02578125
0 0.5921875 0.990625 0.015625 0.0109375
0 0.6 0.884375 0.03125 0.034375
0 0.55234375 0.871875 0.01640625 0.0140625
0 0.53203125 0.79765625 0.01484375 0.0140625
0 0.4703125 0.7953125 0.01875 0.01484375
0 0.446875 0.67265625 0.015625 0.01484375
0 0.4640625 0.684375 0.0125 0.01015625
0 0.45703125 0.69765625 0.0125 0.0125
0 0.428125 0.7046875 0.00859375 0.00625
0 0.4453125 0.7046875 0.00859375 0.00703125
0 0.4390625 0.72734375 0.015625 0.009375
0 0.409375 0.72265625 0.0140625 0.0109375
0 0.42421875 0.78984375 0.015625 0.01875
0 0.41328125 0.825 0.01484375 0.0140625
0 0.3703125 0.790625 0.0140625 0.0109375
0 0.34765625 0.81875 0.01640625 0.01875
0 0.33828125 0.8734375 0.01484375 0.01640625
0 0.353125 0.8765625 0.01484375 0.01171875
0 0.39375 0.88984375 0.01171875 0.00625
0 0.41484375 0.93984375 0.01875 0.0171875
0 0.44375 0.9234375 0.0140625 0.0109375
0 0.44609375 0.9421875 0.01171875 0.01171875
0 0.571875 0.9734375 0.01875 0.01171875
0 0.5796875 0.99453125 0.0140625 0.0109375
0 0.33203125 0.9046875 0.01640625 0.01484375
0 0.35 0.89453125 0.0109375 0.009375
0 0.3640625 0.91328125 0.009375 0.009375
0 0.3328125 0.94609375 0.02421875 0.0171875
0 0.3703125 0.965625 0.015625 0.0109375
0 0.3921875 0.98046875 0.01640625 0.009375
0 0.0828125 0.87109375 0.0296875 0.02265625
0 0.1046875 0.84375 0.03671875 0.03125
0 0.0796875 0.8328125 0.03125 0.02578125
0 0.1265625 0.8296875 0.03125 0.03125
0 0.128125 0.80390625 0.0296875 0.025
0 0.090625 0.7765625 0.02734375 0.0203125
0 0.11328125 0.78203125 0.0203125 0.01953125
0 0.0953125 0.815625 0.025 0.0296875
0 0.01875 0.7265625 0.0171875 0.01953125
0 0.01953125 0.7015625 0.01484375 0.01875
0 0.0046875 0.71640625 0.009375 0.0140625
0 0.02265625 0.6578125 0.01953125 0.0140625
0 0.0421875 0.6390625 0.01640625 0.01640625
0 0.0265625 0.63671875 0.015625 0.0140625
0 0.0125 0.53046875 0.025 0.0265625
0 0.034375 0.97734375 0.01953125 0.0203125
0 0.071875 0.97734375 0.03125 0.03515625
0 0.01015625 0.9625 0.0203125 0.0203125
0 0.00625 0.95078125 0.0125 0.015625
0 0.45703125 0.79375 0.0109375 0.01171875