0 0.73046875 0.4046875 0.1109375 0.1140625
0 0.8265625 0.4109375 0.0984375 0.0984375
0 0.2953125 0.44375 0.125 0.128125
0 0.19453125 0.43359375 0.11875 0.13046875
0 0.09296875 0.7390625 0.109375 0.1046875
0 0.0328125 0.6921875 0.065625 0.115625
0 0.05546875 0.9328125 0.08515625 0.08671875
0 0.41484375 0.70625 0.1265625 0.125
0 0.5015625 0.72890625 0.146875 0.13046875
0 0.9390625 0.978125 0.096875 0.04375
0 0.88671875 0.96875 0.0875 0.0625
0 0.7109375 0.52578125 0.09453125 0.08984375
0 0.7875 0.50859375 0.103125 0.10546875
0 0.98046875 0.228125 0.0390625 0.1
0 0.9671875 0.0375 0.065625 0.075
0 0.8015625 0.2328125 0.04140625 0.034375
0 0.43515625 0.1828125 0.04140625 0.034375
0 0.4859375 0.178125 0.03125 0.040625
0 0.3453125 0.05625 0.02109375 0.01953125
0 0.26484375 0.01953125 0.015625 0.0125
0 0.24453125 0.06171875 0.01484375 0.01640625