0 0.10546875 0.18984375 0.0421875 0.05234375
0 0.45703125 0.365625 0.0453125 0.03984375
0 0.4796875 0.4109375 0.03203125 0.0359375
0 0.2953125 0.46484375 0.05 0.0484375
0 0.35546875 0.49375 0.05078125 0.05546875
0 0.4078125 0.51171875 0.04453125 0.05625
0 0.45234375 0.50703125 0.03984375 0.05
0 0.4484375 0.57890625 0.0421875 0.03984375
0 0.4421875 0.60625 0.04375 0.03984375
0 0.6765625 0.62578125 0.03125 0.0390625
0 0.4734375 0.746875 0.05 0.04921875
0 0.22265625 0.7125 0.05546875 0.040625
0 0.2125 0.75625 0.0515625 0.046875
0 0.1046875 0.7296875 0.03046875 0.05
0 0.1171875 0.803125 0.04921875 0.0484375
0 0.24296875 0.8671875 0.03046875 0.02890625
0 0.2953125 0.88046875 0.03515625 0.03203125
0 0.05703125 0.525 0.11171875 0.1078125
0 0.24296875 0.41015625 0.05390625 0.0515625
0 0.0640625 0.37578125 0.1203125 0.09296875
0 0.40546875 0.47578125 0.0328125 0.02109375