0 0.01328125 0.8421875 0.0265625 0.034375
0 0.090625 0.7734375 0.03671875 0.03984375
0 0.3453125 0.90703125 0.040625 0.0421875
0 0.3171875 0.89921875 0.0375 0.0328125
0 0.2890625 0.9515625 0.0453125 0.04375
0 0.40703125 0.81171875 0.13125 0.11796875
0 0.64609375 0.8765625 0.0421875 0.040625
0 0.6140625 0.86015625 0.03046875 0.0328125
0 0.5984375 0.96875 0.03984375 0.03125
0 0.66015625 0.98359375 0.03125 0.03203125
0 0.684375 0.98046875 0.034375 0.034375
0 0.94296875 0.309375 0.1140625 0.08125
0 0.96171875 0.5296875 0.07109375 0.07265625
0 0.7671875 0.2671875 0.04609375 0.04296875
0 0.92890625 0.74921875 0.04375 0.03984375
0 0.971875 0.84765625 0.0421875 0.04296875
0 0.975 0.81796875 0.04375 0.0296875
0 0.9234375 0.94375 0.04375 0.04609375
0 0.725 0.9609375 0.03203125 0.03671875
0 0.74921875 0.93203125 0.03203125 0.02578125
0 0.896875 0.98359375 0.03359375 0.0328125
0 0.81640625 0.49375 0.03046875 0.03984375
0 0.7125 0.86484375 0.053125 0.04921875
0 0.81171875 0.8734375 0.03984375 0.04453125