0 0.24296875 0.18125 0.090625 0.08984375
0 0.3328125 0.23203125 0.0953125 0.0875
0 0.27734375 0.32421875 0.10625 0.0984375
0 0.9453125 0.03359375 0.109375 0.0671875
0 0.884375 0.02109375 0.06953125 0.0421875
0 0.7703125 0.44140625 0.09296875 0.10078125
0 0.71015625 0.51015625 0.1046875 0.0953125
0 0.6140625 0.6203125 0.11328125 0.1125
0 0.98671875 0.71796875 0.0265625 0.1234375
0 0.92421875 0.89609375 0.1421875 0.134375
0 0.79296875 0.9640625 0.1046875 0.071875
0 0.7140625 0.96640625 0.1125 0.0671875
0 0.14609375 0.953125 0.1359375 0.09375