0 0.840625 0.0234375 0.065625 0.04609375
0 0.9 0.0140625 0.06328125 0.028125
0 0.60546875 0.01875 0.0296875 0.0265625
0 0.0453125 0.275 0.090625 0.096875
0 0.0953125 0.1875 0.034375 0.02421875
0 0.1171875 0.22109375 0.0265625 0.028125
0 0.09375 0.21171875 0.0265625 0.0234375
0 0.375 0.18828125 0.03203125 0.01953125
0 0.42109375 0.18046875 0.01875 0.02421875
0 0.640625 0.18828125 0.0328125 0.02421875
0 0.34609375 0.0078125 0.0265625 0.015625
0 0.828125 0.6484375 0.04609375 0.04296875
0 0.54140625 0.0609375 0.03125 0.021875
0 0.646875 0.15234375 0.021875 0.021875
0 0.6296875 0.040625 0.02421875 0.01640625
0 0.4171875 0.090625 0.02265625 0.01640625
0 0.1328125 0.18125 0.01875 0.0140625
0 0.18125 0.17890625 0.021875 0.01953125