0 0.10390625 0.38671875 0.1203125 0.12109375
0 0.04609375 0.38515625 0.0890625 0.10859375
0 0.06171875 0.50859375 0.1109375 0.10546875
0 0.1671875 0.48828125 0.1140625 0.1234375
0 0.1546875 0.55703125 0.096875 0.0984375
0 0.1421875 0.609375 0.115625 0.1015625
0 0.059375 0.64921875 0.11796875 0.11171875
0 0.1046875 0.75078125 0.11640625 0.10703125
0 0.1671875 0.78515625 0.04140625 0.04375
0 0.0671875 0.87734375 0.115625 0.109375
0 0.17578125 0.940625 0.08984375 0.08515625
0 0.4578125 0.8328125 0.034375 0.03359375
0 0.4859375 0.8359375 0.0296875 0.03046875
0 0.559375 0.92109375 0.03046875 0.0265625
0 0.625 0.94609375 0.02734375 0.0234375
0 0.5609375 0.96796875 0.034375 0.02578125
0 0.6125 0.80625 0.02421875 0.0296875
0 0.63828125 0.80390625 0.02734375 0.0265625
0 0.71953125 0.6640625 0.028125 0.0265625
0 0.7140625 0.6796875 0.03046875 0.0265625
0 0.784375 0.61328125 0.03046875 0.0296875
0 0.7703125 0.634375 0.02890625 0.028125
0 0.75703125 0.6625 0.03046875 0.03203125
0 0.7859375 0.646875 0.03125 0.040625
0 0.778125 0.67734375 0.03046875 0.03359375
0 0.86640625 0.953125 0.03984375 0.0453125
0 0.728125 0.7765625 0.021875 0.03046875
0 0.85 0.9765625 0.04296875 0.04375
0 0.9640625 0.98515625 0.02265625 0.01953125
0 0.88359375 0.91484375 0.028125 0.0265625
0 0.91640625 0.91875 0.0203125 0.01796875
0 0.74765625 0.97734375 0.0328125 0.0421875
0 0.68046875 0.9875 0.0359375 0.02421875