0 0.22578125 0.009375 0.0296875 0.015625
0 0.59375 0.44609375 0.04375 0.03984375
0 0.66015625 0.55390625 0.0484375 0.03125
0 0.95625 0.75546875 0.0875 0.1453125
0 0.9765625 0.9828125 0.046875 0.034375
0 0.8140625 0.9203125 0.13515625 0.13671875
0 0.584375 0.63203125 0.05234375 0.0453125
0 0.5671875 0.6765625 0.04296875 0.04140625
0 0.5265625 0.6859375 0.04765625 0.046875
0 0.3578125 0.8828125 0.05625 0.046875
0 0.36640625 0.94453125 0.059375 0.0421875
0 0.5015625 0.97265625 0.05703125 0.04140625
0 0.65234375 0.9875 0.0546875 0.025