0 0.0328125 0.01640625 0.065625 0.0328125
0 0.25390625 0.18359375 0.0953125 0.1203125
0 0.3140625 0.21484375 0.1234375 0.11640625
0 0.8171875 0.2328125 0.1203125 0.10859375
0 0.75078125 0.2828125 0.1265625 0.11796875
0 0.6890625 0.42265625 0.165625 0.17890625
0 0.49375 0.48515625 0.13515625 0.1265625
0 0.590625 0.6109375 0.1046875 0.10078125
0 0.50390625 0.59453125 0.08828125 0.09296875
0 0.8046875 0.77109375 0.096875 0.0921875
0 0.978125 0.91015625 0.04375 0.1109375
0 0.21640625 0.825 0.10546875 0.090625
0 0.425 0.9625 0.10234375 0.0734375
0 0.49375 0.98828125 0.096875 0.0234375
0 0.0703125 0.91171875 0.140625 0.1765625
0 0.1359375 0.91796875 0.09296875 0.078125