0 0.31171875 0.075 0.09765625 0.09375
0 0.4390625 0.1734375 0.084375 0.084375
0 0.37578125 0.1765625 0.08125 0.0796875
0 0.13203125 0.23515625 0.1078125 0.08828125
0 0.1078125 0.1046875 0.10859375 0.1
0 0.553125 0.17265625 0.10390625 0.08828125
0 0.05078125 0.31640625 0.0875 0.078125
0 0.04609375 0.4453125 0.0921875 0.090625
0 0.0984375 0.64921875 0.1125 0.09921875
0 0.034375 0.65859375 0.06875 0.0984375
0 0.071875 0.57734375 0.025 0.028125
0 0.053125 0.565625 0.0265625 0.03046875
0 0.0109375 0.5671875 0.021875 0.021875
0 0.02734375 0.57890625 0.01953125 0.0171875
0 0.01171875 0.58984375 0.0234375 0.0265625
0 0.27734375 0.715625 0.1 0.08515625
0 0.43046875 0.86171875 0.1234375 0.1078125
0 0.340625 0.9390625 0.090625 0.075
0 0.53046875 0.9265625 0.14140625 0.11328125
0 0.63671875 0.9796875 0.03828125 0.0296875
0 0.590625 0.78203125 0.13359375 0.11953125
0 0.51171875 0.71796875 0.1125 0.1140625
0 0.5328125 0.60390625 0.11875 0.1046875
0 0.5421875 0.52421875 0.0875 0.08828125
0 0.478125 0.39453125 0.08359375 0.08125
0 0.5984375 0.49609375 0.08984375 0.08359375
0 0.88671875 0.353125 0.034375 0.03203125
0 0.82890625 0.28828125 0.134375 0.12109375
0 0.19140625 0.9796875 0.09765625 0.040625
0 0.990625 0.7921875 0.01875 0.03125
0 0.675 0.99453125 0.01953125 0.0109375
0 0.7 0.98828125 0.01015625 0.01015625
0 0.70234375 0.9734375 0.009375 0.0109375
0 0.72421875 0.91953125 0.00703125 0.00625
0 0.7203125 0.93046875 0.00625 0.00546875
0 0.6578125 0.8734375 0.0140625 0.01015625
0 0.69375 0.8703125 0.0125 0.0140625
0 0.86640625 0.896875 0.01171875 0.0125
0 0.86640625 0.8796875 0.01171875 0.01171875
0 0.8078125 0.8390625 0.0171875 0.01015625
0 0.8015625 0.853125 0.0109375 0.0109375
0 0.70625 0.7765625 0.03671875 0.034375
0 0.77734375 0.7984375 0.0125 0.009375
0 0.9734375 0.9046875 0.01171875 0.01015625
0 0.25703125 0.9515625 0.0796875 0.06953125