0 0.64375 0.08984375 0.13515625 0.13515625
0 0.49609375 0.1625 0.14375 0.1359375
0 0.48046875 0.04765625 0.09765625 0.07109375
0 0.1703125 0.03203125 0.12109375 0.0640625
0 0.21171875 0.2046875 0.1296875 0.11484375
0 0.28046875 0.2703125 0.1109375 0.10234375
0 0.14140625 0.3609375 0.10078125 0.090625
0 0.21796875 0.40234375 0.121875 0.10625
0 0.0390625 0.24375 0.078125 0.090625
0 0.7640625 0.54921875 0.06640625 0.0671875
0 0.77109375 0.9640625 0.1296875 0.071875
0 0.55859375 0.9765625 0.0953125 0.046875
0 0.33515625 0.884375 0.10078125 0.0875
0 0.45703125 0.796875 0.15703125 0.1515625
0 0.56484375 0.60078125 0.08125 0.0984375
0 0.48203125 0.47578125 0.11796875 0.09765625
0 0.4171875 0.646875 0.15859375 0.128125
0 0.31875 0.61875 0.1375 0.1390625
0 0.2875 0.6828125 0.12421875 0.1140625
0 0.171875 0.69609375 0.1234375 0.13359375