0 0.5578125 0.08828125 0.10234375 0.096875
0 0.69765625 0.11484375 0.1046875 0.1078125
0 0.7890625 0.0578125 0.1 0.090625
0 0.746875 0.309375 0.11015625 0.10078125
0 0.61484375 0.359375 0.11015625 0.103125
0 0.13125 0.3234375 0.10234375 0.0984375
0 0.1390625 0.53203125 0.11640625 0.121875
0 0.903125 0.53984375 0.10546875 0.1046875
0 0.9640625 0.78046875 0.07109375 0.09921875
0 0.8609375 0.79453125 0.1109375 0.10625
0 0.6796875 0.95078125 0.11640625 0.0984375
0 0.49296875 0.615625 0.0265625 0.01953125
0 0.3515625 0.97578125 0.03046875 0.02578125
0 0.06328125 0.825 0.03984375 0.03203125
0 0.00859375 0.740625 0.0171875 0.015625
0 0.0109375 0.690625 0.021875 0.02421875
0 0.0734375 0.6859375 0.03203125 0.02265625