0 0.03671875 0.1078125 0.0734375 0.09765625
0 0.0734375 0.1015625 0.06171875 0.096875
0 0.2703125 0.0453125 0.08359375 0.090625
0 0.4 0.06953125 0.10859375 0.11875
0 0.09765625 0.2921875 0.096875 0.1046875
0 0.01640625 0.540625 0.0328125 0.109375
0 0.321875 0.52734375 0.04296875 0.03828125
0 0.91171875 0.13203125 0.03203125 0.02578125
0 0.94765625 0.0140625 0.03828125 0.028125
0 0.978125 0.1046875 0.0171875 0.02265625
0 0.65703125 0.2140625 0.0296875 0.01875
0 0.6703125 0.16875 0.02265625 0.021875