0 0.13828125 0.0203125 0.0875 0.040625
0 0.025 0.0359375 0.05 0.071875
0 0.3671875 0.3703125 0.090625 0.1
0 0.4484375 0.19921875 0.0765625 0.09375
0 0.57734375 0.259375 0.125 0.109375
0 0.68125 0.30234375 0.0921875 0.07890625
0 0.80859375 0.25234375 0.10546875 0.096875
0 0.775 0.5375 0.09296875 0.090625
0 0.61328125 0.39296875 0.08984375 0.09296875
0 0.48046875 0.4671875 0.153125 0.1234375
0 0.478125 0.77421875 0.13125 0.1296875
0 0.29296875 0.73125 0.11640625 0.128125
0 0.74375 0.8171875 0.10078125 0.1078125
0 0.578125 0.9203125 0.1046875 0.0984375