0 0.584375 0.38515625 0.13125 0.13203125
0 0.57578125 0.321875 0.1109375 0.1078125
0 0.46875 0.03359375 0.11875 0.0671875
0 0.871875 0.4953125 0.16171875 0.13984375
0 0.9171875 0.609375 0.15546875 0.1265625
0 0.97890625 0.82421875 0.0421875 0.0765625
0 0.2609375 0.93046875 0.109375 0.1203125
0 0.06953125 0.95 0.13359375 0.1
0 0.1328125 0.66875 0.01953125 0.015625
0 0.1171875 0.67578125 0.01953125 0.0203125
0 0.05625 0.665625 0.0296875 0.01953125
0 0.55859375 0.7640625 0.01015625 0.015625
0 0.55078125 0.75234375 0.01484375 0.01953125
0 0.59765625 0.86328125 0.01953125 0.021875
0 0.78515625 0.759375 0.01875 0.021875
0 0.925 0.7828125 0.01875 0.0171875
0 0.95234375 0.871875 0.021875 0.01640625
0 0.35078125 0.28515625 0.02421875 0.0171875
0 0.1390625 0.4859375 0.01640625 0.01953125
0 0.128125 0.3546875 0.02109375 0.0203125
0 0.58984375 0.21484375 0.1078125 0.08828125
0 0.6484375 0.3234375 0.0984375 0.0890625