0 0.12421875 0.2171875 0.1640625 0.1390625
0 0.540625 0.3875 0.090625 0.090625
0 0.415625 0.5109375 0.1171875 0.0984375
0 0.0296875 0.646875 0.05625 0.1078125
0 0.94609375 0.78515625 0.075 0.0734375
0 0.35625 0.64453125 0.0390625 0.0421875
0 0.24453125 0.9765625 0.1046875 0.04453125
0 0.021875 0.721875 0.04296875 0.05546875
0 0.215625 0.678125 0.046875 0.05625
0 0.03046875 0.05 0.0609375 0.1
0 0.45 0.9828125 0.0796875 0.034375
0 0.26015625 0.48203125 0.0390625 0.0421875
0 0.07890625 0.20625 0.07890625 0.09453125
0 0.3171875 0.68125 0.08515625 0.08984375