0 0.86484375 0.29921875 0.12734375 0.11796875
0 0.28671875 0.03203125 0.0921875 0.0640625
0 0.13359375 0.3328125 0.096875 0.08828125
0 0.08828125 0.56171875 0.096875 0.10234375
0 0.115625 0.76953125 0.08671875 0.09453125
0 0.09375 0.88359375 0.1015625 0.096875
0 0.40234375 0.2921875 0.090625 0.0890625
0 0.39296875 0.1109375 0.10078125 0.10625
0 0.57734375 0.065625 0.07265625 0.06484375
0 0.534375 0.14765625 0.10859375 0.1015625
0 0.6046875 0.1546875 0.08203125 0.06328125
0 0.6515625 0.2546875 0.1046875 0.0921875
0 0.796875 0.84375 0.1 0.10859375
0 0.975 0.978125 0.05 0.04375