0 0.2640625 0.2546875 0.13046875 0.1078125
0 0.4 0.2578125 0.10234375 0.09453125
0 0.31796875 0.040625 0.1140625 0.08125
0 0.69375 0.025 0.03671875 0.03671875
0 0.7203125 0.03046875 0.034375 0.0359375
0 0.74609375 0.0484375 0.046875 0.04140625
0 0.68046875 0.12890625 0.009375 0.0171875
0 0.6375 0.11875 0.02421875 0.01640625
0 0.6015625 0.11328125 0.02265625 0.01484375
0 0.596875 0.140625 0.01171875 0.01484375
0 0.765625 0.146875 0.02421875 0.028125
0 0.825 0.159375 0.04609375 0.03984375
0 0.9703125 0.10390625 0.05625 0.07890625
0 0.9171875 0.1515625 0.0625 0.07109375
0 0.965625 0.34453125 0.065625 0.11015625
0 0.8734375 0.346875 0.14609375 0.14609375
0 0.73984375 0.3578125 0.0921875 0.084375
0 0.77265625 0.39765625 0.090625 0.10546875
0 0.68671875 0.396875 0.07421875 0.1078125
0 0.79296875 0.553125 0.1046875 0.1109375
0 0.63671875 0.60234375 0.07421875 0.06796875
0 0.565625 0.51484375 0.090625 0.06328125
0 0.66484375 0.7046875 0.0640625 0.0640625
0 0.5953125 0.89375 0.0796875 0.07421875
0 0.6375 0.9796875 0.0984375 0.040625
0 0.3828125 0.9578125 0.109375 0.07265625
0 0.39765625 0.08984375 0.01640625 0.021875
0 0.63125 0.16328125 0.01953125 0.0171875