0 0.91640625 0.9609375 0.0765625 0.078125
0 0.97421875 0.67890625 0.0515625 0.11640625
0 0.9625 0.7140625 0.075 0.09921875
0 0.92578125 0.73515625 0.0796875 0.07109375
0 0.96015625 0.29296875 0.0796875 0.0890625
0 0.87734375 0.446875 0.10390625 0.09296875
0 0.63046875 0.03125 0.09296875 0.0625
0 0.67578125 0.13046875 0.08671875 0.0875
0 0.584375 0.28828125 0.1109375 0.11015625
0 0.83203125 0.31171875 0.04765625 0.0484375
0 0.7296875 0.33828125 0.0421875 0.04609375
0 0.690625 0.6 0.12421875 0.11875
0 0.421875 0.24921875 0.0875 0.0890625
0 0.15 0.2546875 0.1109375 0.0984375
0 0.19453125 0.07734375 0.1015625 0.096875
0 0.08125 0.05390625 0.11875 0.1078125
0 0.078125 0.32421875 0.1046875 0.1
0 0.040625 0.3984375 0.08125 0.10625
0 0.1234375 0.4390625 0.10625 0.11015625
0 0.0734375 0.50234375 0.10859375 0.10234375
0 0.0375 0.534375 0.075 0.1296875
0 0.015625 0.7875 0.03046875 0.09453125
0 0.39375 0.43671875 0.12421875 0.11640625
0 0.33828125 0.4703125 0.0890625 0.1046875
0 0.2984375 0.63359375 0.11015625 0.109375
0 0.975 0.1109375 0.05 0.0515625