0 0.08359375 0.61796875 0.10859375 0.128125
0 0.0171875 0.55859375 0.034375 0.07265625
0 0.059375 0.99140625 0.05546875 0.0171875
0 0.3109375 0.94609375 0.03515625 0.0265625
0 0.3453125 0.934375 0.02734375 0.02109375
0 0.2171875 0.85078125 0.021875 0.02421875
0 0.41875 0.853125 0.0359375 0.02734375
0 0.478125 0.80625 0.0171875 0.02421875
0 0.45625 0.8015625 0.0296875 0.025
0 0.49609375 0.790625 0.0203125 0.01953125
0 0.503125 0.821875 0.0203125 0.02109375
0 0.9796875 0.73515625 0.028125 0.02265625
0 0.27890625 0.8609375 0.0171875 0.0171875
0 0.28359375 0.82578125 0.02265625 0.01953125