0 0.91875 0.80234375 0.1265625 0.1203125
0 0.171875 0.6703125 0.0640625 0.0734375
0 0.33046875 0.6875 0.06875 0.0640625
0 0.7453125 0.19765625 0.12421875 0.1296875
0 0.70625 0.47578125 0.0328125 0.0328125
0 0.11875 0.2609375 0.0265625 0.0265625
0 0.19296875 0.265625 0.0203125 0.0203125
0 0.05 0.540625 0.0234375 0.025
0 0.5859375 0.3859375 0.05625 0.05625
0 0.15390625 0.2375 0.021875 0.021875
0 0.14140625 0.5578125 0.08125 0.096875
0 0.61875 0.54375 0.0296875 0.034375
0 0.70625 0.6078125 0.01875 0.021875
0 0.2015625 0.57734375 0.07109375 0.1015625
0 0.6609375 0.32734375 0.0203125 0.015625
0 0.61953125 0.1125 0.0171875 0.0171875
0 0.27421875 0.40078125 0.0234375 0.0203125
0 0.78828125 0.19453125 0.09296875 0.09765625
0 0.16015625 0.2875 0.01875 0.0171875
0 0.52265625 0.40703125 0.040625 0.040625
0 0.03203125 0.33046875 0.03125 0.0328125
0 0.6640625 0.40546875 0.01875 0.015625
0 0.12890625 0.23125 0.0203125 0.0171875
0 0.03046875 0.421875 0.0265625 0.03125
0 0.02578125 0.31328125 0.025 0.0234375
0 0.578125 0.25 0.03046875 0.02734375
0 0.978125 0.02109375 0.04296875 0.0421875
0 0.975 0.3921875 0.03125 0.034375
0 0.98515625 0.453125 0.028125 0.03203125
0 0.978125 0.47578125 0.0265625 0.02578125
0 0.11640625 0.7125 0.04296875 0.02578125
0 0.11953125 0.74921875 0.05390625 0.05625