0 0.7609375 0.07265625 0.09296875 0.0953125
0 0.690625 0.025 0.078125 0.05
0 0.775 0.015625 0.08125 0.03125
0 0.984375 0.12890625 0.02890625 0.06796875
0 0.8 0.4203125 0.0484375 0.0421875
0 0.9234375 0.5265625 0.08515625 0.07421875
0 0.91015625 0.3953125 0.075 0.07265625
0 0.97265625 0.38984375 0.0546875 0.0671875
0 0.25859375 0.3796875 0.04375 0.04765625
0 0.17890625 0.44765625 0.03671875 0.040625
0 0.77265625 0.82109375 0.10234375 0.096875
0 0.2875 0.98515625 0.0828125 0.0296875
0 0.04296875 0.709375 0.034375 0.040625
0 0.01015625 0.5921875 0.0203125 0.05625
0 0.7 0.85625 0.0890625 0.08671875
0 0.62890625 0.91875 0.103125 0.08984375
0 0.55703125 0.8578125 0.0828125 0.071875
0 0.46015625 0.95546875 0.07421875 0.06875
0 0.82421875 0.90234375 0.11015625 0.096875
0 0.73671875 0.8984375 0.09453125 0.0875
0 0.9640625 0.865625 0.071875 0.0796875
0 0.3375 0.33359375 0.021875 0.01875