0 0.734375 0.4046875 0.10546875 0.10859375
0 0.83359375 0.4140625 0.10078125 0.1078125
0 0.8 0.55703125 0.1078125 0.1046875
0 0.7765625 0.675 0.09609375 0.08671875
0 0.76640625 0.9640625 0.09140625 0.071875
0 0.378125 0.6578125 0.10078125 0.09921875
0 0.290625 0.61015625 0.09453125 0.08046875
0 0.29296875 0.53671875 0.096875 0.07109375
0 0.078125 0.59375 0.1046875 0.109375
0 0.17421875 0.3515625 0.10234375 0.1078125
0 0.259375 0.265625 0.10859375 0.0984375
0 0.3109375 0.30390625 0.090625 0.0859375
0 0.29375 0.3640625 0.09296875 0.0875
0 0.13671875 0.39140625 0.07109375 0.07265625