0 0.2875 0.96171875 0.08828125 0.0765625
0 0.1984375 0.16328125 0.10390625 0.10234375
0 0.18359375 0.2546875 0.09453125 0.08515625
0 0.08203125 0.3453125 0.09921875 0.1078125
0 0.13671875 0.396875 0.07890625 0.09453125
0 0.13671875 0.4984375 0.1203125 0.11796875
0 0.0546875 0.61953125 0.109375 0.11953125
0 0.1890625 0.740625 0.10625 0.1109375
0 0.2390625 0.765625 0.090625 0.0921875
0 0.19765625 0.67109375 0.0984375 0.0734375
0 0.81640625 0.79921875 0.03515625 0.028125
0 0.52578125 0.88984375 0.02109375 0.0234375
0 0.4984375 0.86875 0.028125 0.028125
0 0.49296875 0.8921875 0.0265625 0.02265625