0 0.809375 0.11875 0.128125 0.1296875
0 0.9625 0.01484375 0.07421875 0.02890625
0 0.96015625 0.23984375 0.0796875 0.1421875
0 0.95703125 0.490625 0.07734375 0.09609375
0 0.36328125 0.08515625 0.059375 0.04921875
0 0.36875 0.14453125 0.0609375 0.05390625
0 0.21875 0.34765625 0.04375 0.04609375
0 0.2921875 0.37734375 0.05 0.04765625
0 0.16484375 0.36484375 0.04375 0.0375
0 0.03203125 0.3546875 0.06328125 0.0921875
0 0.05078125 0.48515625 0.1015625 0.1453125
0 0.35078125 0.43125 0.0421875 0.0421875
0 0.4234375 0.34921875 0.04375 0.040625
0 0.5203125 0.24453125 0.059375 0.04140625
0 0.7015625 0.3125 0.0515625 0.04609375
0 0.625 0.228125 0.0578125 0.04765625
0 0.6515625 0.190625 0.0390625 0.03046875
0 0.5046875 0.18671875 0.03828125 0.03046875
0 0.49765625 0.3421875 0.04765625 0.0375
0 0.57578125 0.3453125 0.03828125 0.03828125
0 0.9859375 0.75546875 0.028125 0.109375
0 0.99140625 0.54609375 0.01640625 0.11328125
0 0.7890625 0.665625 0.04609375 0.04609375
0 0.72734375 0.72109375 0.0546875 0.04609375
0 0.7578125 0.8125 0.04140625 0.0421875
0 0.79921875 0.81875 0.03828125 0.0390625
0 0.746875 0.60234375 0.03515625 0.0359375
0 0.69453125 0.6546875 0.04375 0.0453125
0 0.4921875 0.66640625 0.03984375 0.03984375
0 0.5390625 0.64375 0.04765625 0.04765625
0 0.58125 0.59296875 0.04296875 0.04921875
0 0.49296875 0.4875 0.0421875 0.06171875
0 0.49453125 0.39921875 0.0703125 0.0734375
0 0.56953125 0.4375 0.03671875 0.0328125
0 0.553125 0.45859375 0.03828125 0.04765625
0 0.6421875 0.39453125 0.0453125 0.0421875
0 0.61640625 0.47421875 0.0453125 0.04765625
0 0.55859375 0.528125 0.04609375 0.06328125
0 0.63359375 0.6078125 0.04453125 0.0421875
0 0.63671875 0.54296875 0.04296875 0.05
0 0.71171875 0.5296875 0.05 0.0546875
0 0.76015625 0.4671875 0.034375 0.0265625
0 0.68125 0.6140625 0.04453125 0.0359375
0 0.66328125 0.43828125 0.06171875 0.04609375
0 0.03203125 0.82734375 0.0546875 0.040625