0 0.49765625 0.16171875 0.11875 0.11015625
0 0.56171875 0.284375 0.1140625 0.1265625
0 0.465625 0.2953125 0.1234375 0.1203125
0 0.51171875 0.35390625 0.0984375 0.0953125
0 0.5875 0.4640625 0.11875 0.10859375
0 0.7453125 0.3703125 0.0984375 0.10625
0 0.97578125 0.46484375 0.0484375 0.13359375
0 0.8234375 0.6484375 0.140625 0.14765625
0 0.62578125 0.5671875 0.13515625 0.1421875
0 0.66953125 0.525 0.065625 0.059375
0 0.534375 0.65546875 0.1265625 0.140625
0 0.5375 0.79609375 0.125 0.13046875
0 0.32734375 0.81796875 0.12109375 0.115625
0 0.29296875 0.90625 0.140625 0.14140625
0 0.4671875 0.90078125 0.1390625 0.134375
0 0.396875 0.95234375 0.146875 0.0953125
0 0.81796875 0.9546875 0.1359375 0.090625
0 0.9203125 0.91015625 0.153125 0.1515625
0 0.98671875 0.9109375 0.02421875 0.140625