0 0.01328125 0.5921875 0.0265625 0.065625
0 0.03515625 0.55 0.04765625 0.06171875
0 0.06796875 0.49453125 0.04609375 0.04609375
0 0.19765625 0.5109375 0.0421875 0.0328125
0 0.25078125 0.51171875 0.03125 0.03828125
0 0.31171875 0.4984375 0.0484375 0.0484375
0 0.325 0.4328125 0.05 0.040625
0 0.15703125 0.3625 0.03046875 0.021875
0 0.15 0.159375 0.0375 0.03671875
0 0.21171875 0.17109375 0.02734375 0.03203125
0 0.05234375 0.13125 0.021875 0.021875
0 0.3140625 0.19453125 0.03203125 0.03203125
0 0.365625 0.0421875 0.04140625 0.03671875
0 0.52890625 0.21796875 0.0359375 0.03515625
0 0.496875 0.17578125 0.04140625 0.04609375
0 0.44609375 0.2078125 0.05703125 0.04609375
0 0.53046875 0.33984375 0.04375 0.034375
0 0.540625 0.40234375 0.03984375 0.0328125
0 0.49296875 0.43828125 0.053125 0.040625
0 0.53203125 0.44921875 0.0375 0.040625
0 0.5765625 0.4625 0.0421875 0.04375
0 0.63203125 0.4703125 0.03828125 0.03203125
0 0.6890625 0.459375 0.0359375 0.040625
0 0.71953125 0.48125 0.04296875 0.0359375
0 0.53828125 0.596875 0.040625 0.03203125
0 0.48203125 0.55 0.0359375 0.03515625
0 0.51640625 0.55859375 0.034375 0.03671875
0 0.453125 0.56953125 0.04375 0.034375
0 0.41328125 0.51875 0.04375 0.040625
0 0.49609375 0.65859375 0.03984375 0.03203125
0 0.55546875 0.634375 0.04375 0.03671875
0 0.60390625 0.621875 0.0421875 0.03515625
0 0.57109375 0.7 0.03671875 0.0328125
0 0.75078125 0.66875 0.040625 0.03125
0 0.6703125 0.675 0.046875 0.03515625
0 0.74296875 0.61796875 0.0296875 0.0328125
0 0.7984375 0.5359375 0.04375 0.028125
0 0.8296875 0.53203125 0.03203125 0.03515625
0 0.88671875 0.55546875 0.040625 0.03046875
0 0.9078125 0.5234375 0.0359375 0.0359375
0 0.87265625 0.5015625 0.03203125 0.0296875
0 0.8734375 0.52734375 0.03515625 0.03671875
0 0.9796875 0.5234375 0.03828125 0.034375
0 0.98828125 0.57890625 0.0203125 0.03671875
0 0.93671875 0.42109375 0.0421875 0.03671875
0 0.834375 0.428125 0.01953125 0.0171875
0 0.96484375 0.371875 0.04609375 0.040625
0 0.93125 0.35234375 0.04296875 0.040625
0 0.98515625 0.33125 0.0296875 0.04765625
0 0.80078125 0.33671875 0.04140625 0.03125
0 0.778125 0.34609375 0.0203125 0.01953125
0 0.759375 0.3609375 0.03203125 0.02578125
0 0.74140625 0.3828125 0.02578125 0.025
0 0.3671875 0.34765625 0.02265625 0.021875
0 0.46171875 0.29765625 0.02578125 0.025
0 0.5984375 0.14296875 0.03515625 0.0375
0 0.55234375 0.165625 0.03515625 0.034375
0 0.7890625 0.07109375 0.04140625 0.03828125
0 0.84140625 0.08359375 0.04296875 0.03828125
0 0.925 0.0828125 0.04609375 0.03515625
0 0.9015625 0.1359375 0.0453125 0.0453125
0 0.9359375 0.21796875 0.04296875 0.03828125
0 0.98671875 0.225 0.0265625 0.05234375
0 0.9921875 0.028125 0.015625 0.01953125
0 0.42890625 0.4015625 0.03046875 0.03671875
0 0.3671875 0.428125 0.028125 0.03046875