0 0.1484375 0.68359375 0.10234375 0.1078125
0 0.5421875 0.546875 0.046875 0.04609375
0 0.659375 0.45234375 0.04375 0.03515625
0 0.08359375 0.17109375 0.02421875 0.01484375
0 0.3890625 0.075 0.021875 0.01953125
0 0.74375 0.4515625 0.01953125 0.015625
0 0.93203125 0.659375 0.040625 0.04375
0 0.7484375 0.9703125 0.04609375 0.04296875
0 0.8953125 0.4859375 0.01640625 0.01484375
0 0.740625 0.46953125 0.01640625 0.0125
0 0.71953125 0.47265625 0.0203125 0.01015625
0 0.7140625 0.503125 0.02109375 0.01640625
0 0.728125 0.37890625 0.01875 0.0109375
0 0.675 0.39765625 0.03828125 0.0296875
0 0.8515625 0.4875 0.0171875 0.01171875
0 0.08828125 0.2796875 0.0296875 0.0140625