0 0.03203125 0.05625 0.0640625 0.1125
0 0.26484375 0.0390625 0.11015625 0.078125
0 0.16015625 0.09140625 0.0875 0.0890625
0 0.06796875 0.28828125 0.1046875 0.0984375
0 0.203125 0.29296875 0.084375 0.08671875
0 0.38203125 0.44296875 0.0890625 0.084375
0 0.13203125 0.8 0.11875 0.115625
0 0.3765625 0.96328125 0.09375 0.0734375
0 0.27109375 0.97109375 0.1078125 0.0578125
0 0.078125 0.965625 0.09375 0.06875
0 0.57421875 0.62265625 0.13515625 0.1390625
0 0.6046875 0.80859375 0.10234375 0.0921875
0 0.43359375 0.75078125 0.096875 0.0875
0 0.825 0.60546875 0.1140625 0.09765625
0 0.97109375 0.11015625 0.0578125 0.1359375
0 0.5953125 0.2296875 0.17578125 0.1265625
0 0.59765625 0.3484375 0.15703125 0.1390625