0 0.06640625 0.02265625 0.0640625 0.0453125
0 0.01875 0.040625 0.0375 0.034375
0 0.16640625 0.1546875 0.090625 0.0890625
0 0.24921875 0.52421875 0.11484375 0.1203125
0 0.19296875 0.390625 0.10859375 0.0921875
0 0.63046875 0.5453125 0.11640625 0.10625
0 0.959375 0.45859375 0.08125 0.0890625
0 0.875 0.46015625 0.0859375 0.08046875
0 0.721875 0.7640625 0.12265625 0.10078125
0 0.88515625 0.921875 0.10859375 0.115625
0 0.64609375 0.97421875 0.059375 0.0515625
0 0.05390625 0.76015625 0.1046875 0.09296875
0 0.2578125 0.79140625 0.08046875 0.06328125
0 0.25625 0.875 0.10859375 0.08515625
0 0.38125 0.80234375 0.084375 0.10625
0 0.378125 0.14375 0.02578125 0.0265625