0 0.33125 0.0234375 0.059375 0.046875
0 0.46953125 0.1109375 0.03984375 0.03359375
0 0.59765625 0.08984375 0.0375 0.0328125
0 0.559375 0.13984375 0.02421875 0.02578125
0 0.51796875 0.17421875 0.0359375 0.02890625
0 0.4859375 0.16953125 0.0265625 0.0265625
0 0.48125 0.24375 0.0390625 0.034375
0 0.73984375 0.30078125 0.03125 0.02265625
0 0.821875 0.3578125 0.03046875 0.0265625
0 0.37890625 0.34140625 0.0953125 0.08125
0 0.453125 0.31875 0.03203125 0.0265625
0 0.4640625 0.2828125 0.03359375 0.02265625
0 0.21484375 0.5046875 0.06953125 0.0765625
0 0.053125 0.6109375 0.0796875 0.07890625
0 0.0359375 0.7046875 0.071875 0.075
0 0.1109375 0.72890625 0.10546875 0.1015625
0 0.25859375 0.68984375 0.08515625 0.08359375
0 0.05390625 0.8015625 0.09453125 0.0828125
0 0.365625 0.965625 0.1 0.06875
0 0.74140625 0.63125 0.03984375 0.03984375
0 0.975 0.5421875 0.05 0.04375
0 0.9375 0.271875 0.03671875 0.03046875
0 0.98125 0.2890625 0.03671875 0.03046875
0 0.98203125 0.253125 0.0359375 0.03125
0 0.87578125 0.203125 0.0359375 0.03359375
0 0.90625 0.05625 0.03515625 0.0296875
0 0.940625 0.1546875 0.03203125 0.02890625
0 0.58515625 0.23203125 0.021875 0.025
0 0.6984375 0.22890625 0.03515625 0.028125
0 0.6375 0.2328125 0.0234375 0.02421875
0 0.5140625 0.2359375 0.0265625 0.03046875
0 0.55859375 0.2328125 0.01484375 0.0171875