0 0.4234375 0.14453125 0.090625 0.0953125
0 0.06796875 0.29765625 0.09296875 0.07578125
0 0.3609375 0.38515625 0.0765625 0.07578125
0 0.31015625 0.41875 0.06328125 0.06796875
0 0.953125 0.08515625 0.090625 0.078125
0 0.63984375 0.05078125 0.0734375 0.0671875
0 0.9265625 0.33671875 0.06953125 0.0703125
0 0.87421875 0.371875 0.07890625 0.06953125
0 0.86796875 0.45859375 0.07421875 0.07734375
0 0.91484375 0.54375 0.07109375 0.0734375
0 0.8 0.6015625 0.075 0.07265625
0 0.484375 0.5796875 0.07734375 0.0765625
0 0.60625 0.7421875 0.075 0.07265625
0 0.525 0.7859375 0.09375 0.07578125
0 0.75390625 0.89375 0.0796875 0.08125
0 0.68671875 0.92421875 0.0859375 0.07890625
0 0.225 0.98984375 0.07109375 0.0203125
0 0.21875 0.61953125 0.090625 0.075
0 0.02734375 0.70546875 0.0546875 0.0953125