0 0.5578125 0.07265625 0.04609375 0.03515625
0 0.56640625 0.10703125 0.05078125 0.034375
0 0.7796875 0.05625 0.046875 0.03984375
0 0.7125 0.209375 0.03984375 0.03046875
0 0.646875 0.09296875 0.03046875 0.03046875
0 0.62109375 0.1421875 0.02109375 0.0171875
0 0.615625 0.1828125 0.01953125 0.02265625
0 0.590625 0.32421875 0.04609375 0.040625
0 0.46640625 0.34296875 0.04140625 0.03203125
0 0.73515625 0.3375 0.0328125 0.0328125
0 0.190625 0.33984375 0.04296875 0.0359375
0 0.06171875 0.3953125 0.021875 0.01953125
0 0.3953125 0.6171875 0.11484375 0.11640625
0 0.48828125 0.640625 0.1 0.0921875
0 0.2921875 0.725 0.103125 0.11328125
0 0.234375 0.86796875 0.08125 0.084375
0 0.11640625 0.875 0.08359375 0.0921875
0 0.81015625 0.86171875 0.12421875 0.10546875
0 0.509375 0.81796875 0.1125 0.10859375
0 0.4609375 0.69296875 0.121875 0.09765625
0 0.88359375 0.534375 0.12890625 0.115625
0 0.925 0.69375 0.1265625 0.11953125
0 0.9203125 0.934375 0.1140625 0.115625
0 0.74140625 0.946875 0.11796875 0.10625
0 0.725 0.48671875 0.0421875 0.0265625
0 0.128125 0.10625 0.03203125 0.0296875
0 0.63046875 0.115625 0.01875 0.0125
0 0.921875 0.31171875 0.021875 0.02265625
0 0.91328125 0.37890625 0.0296875 0.021875