0 0.8953125 0.4765625 0.1328125 0.1265625
0 0.71640625 0.934375 0.0390625 0.0421875
0 0.6984375 0.03515625 0.1234375 0.0703125
0 0.79765625 0.2234375 0.1078125 0.109375
0 0.4453125 0.890625 0.0421875 0.0390625
0 0.64765625 0.72578125 0.0390625 0.0421875
0 0.98671875 0.7984375 0.0265625 0.0484375
0 0.2515625 0.503125 0.07421875 0.08125
0 0.0671875 0.0421875 0.0875 0.084375
0 0.91484375 0.30546875 0.0984375 0.1
0 0.91328125 0.36640625 0.0484375 0.0359375
0 0.9734375 0.2671875 0.053125 0.08984375
0 0.93515625 0.1703125 0.1265625 0.1109375
0 0.6453125 0.909375 0.03125 0.03671875
0 0.62265625 0.91328125 0.034375 0.0359375
0 0.553125 0.88125 0.04140625 0.0375
0 0.5828125 0.98828125 0.059375 0.0234375