0 0.1515625 0.16875 0.115625 0.11796875
0 0.13515625 0.25703125 0.0421875 0.0375
0 0.18359375 0.31328125 0.03828125 0.034375
0 0.1828125 0.37734375 0.03828125 0.0359375
0 0.1375 0.39140625 0.028125 0.02578125
0 0.0421875 0.10234375 0.07734375 0.08125
0 0.271875 0.52109375 0.03515625 0.0421875
0 0.03828125 0.54296875 0.0375 0.03515625
0 0.0375 0.59921875 0.040625 0.0421875
0 0.0640625 0.5984375 0.0296875 0.02734375
0 0.23515625 0.71328125 0.0359375 0.03125
0 0.23046875 0.7515625 0.0359375 0.03203125
0 0.21875 0.77734375 0.03828125 0.0265625
0 0.21796875 0.7265625 0.02578125 0.03046875
0 0.37109375 0.7921875 0.0359375 0.03125
0 0.459375 0.8109375 0.02109375 0.02421875
0 0.66171875 0.7984375 0.0328125 0.03125
0 0.4828125 0.96796875 0.08515625 0.0640625
0 0.3109375 0.9890625 0.03671875 0.021875
0 0.26875 0.9265625 0.0296875 0.03046875
0 0.25 0.909375 0.0296875 0.02421875
0 0.06171875 0.9078125 0.040625 0.0328125
0 0.075 0.95390625 0.0296875 0.03125
0 0.0890625 0.69296875 0.115625 0.08671875
0 0.14765625 0.709375 0.028125 0.028125
0 0.6046875 0.5578125 0.10390625 0.09921875
0 0.51484375 0.353125 0.08125 0.07890625
0 0.60625 0.3453125 0.090625 0.08984375
0 0.6359375 0.23671875 0.09453125 0.0875
0 0.56328125 0.18671875 0.09765625 0.09296875
0 0.65546875 0.03046875 0.09765625 0.0609375
0 0.68828125 0.05546875 0.0828125 0.0765625
0 0.6328125 0.9859375 0.015625 0.01484375
0 0.6484375 0.9796875 0.00859375 0.00859375
0 0.7 0.99140625 0.0125 0.01171875
0 0.7015625 0.97421875 0.0125 0.00703125
0 0.728125 0.96484375 0.01015625 0.00703125
0 0.72421875 0.953125 0.009375 0.00703125
0 0.803125 0.98125 0.00859375 0.009375
0 0.81640625 0.978125 0.0109375 0.0109375
0 0.85625 0.91796875 0.021875 0.02109375
0 0.8625 0.8390625 0.0140625 0.0125
0 0.87734375 0.8484375 0.01015625 0.01015625
0 0.83671875 0.8640625 0.00859375 0.00703125
0 0.8140625 0.86796875 0.00703125 0.00546875
0 0.76171875 0.95234375 0.0125 0.00859375
0 0.79453125 0.96796875 0.00625 0.00625
0 0.7828125 0.97578125 0.00859375 0.00859375
0 0.79375 0.996875 0.01015625 0.00625
0 0.6953125 0.9078125 0.01015625 0.01015625
0 0.671875 0.91328125 0.009375 0.00859375
0 0.659375 0.90234375 0.00625 0.00703125
0 0.62890625 0.946875 0.00859375 0.00859375
0 0.6234375 0.92578125 0.01171875 0.0109375
0 0.6203125 0.9578125 0.0109375 0.00859375
0 0.60625 0.9859375 0.0109375 0.01015625
0 0.5859375 0.93125 0.0140625 0.01171875
0 0.61015625 0.8328125 0.0125 0.01875
0 0.61875 0.82578125 0.01171875 0.01015625
0 0.60859375 0.81015625 0.01015625 0.01015625
0 0.5953125 0.81875 0.0109375 0.01171875
0 0.58671875 0.78515625 0.01171875 0.01015625
0 0.5765625 0.8078125 0.01171875 0.0125
0 0.57421875 0.79921875 0.00859375 0.01015625
0 0.3484375 0.86953125 0.01015625 0.00703125
0 0.3609375 0.9046875 0.01015625 0.00703125
0 0.365625 0.9484375 0.01171875 0.0109375
0 0.35546875 0.94765625 0.0109375 0.009375
0 0.3640625 0.959375 0.0140625 0.0109375
0 0.33203125 0.86796875 0.0109375 0.009375
0 0.3296875 0.8546875 0.0125 0.009375
0 0.365625 0.8140625 0.009375 0.01171875
0 0.31171875 0.85234375 0.01015625 0.01171875
0 0.31328125 0.83984375 0.0109375 0.009375
0 0.275 0.8328125 0.0140625 0.009375
0 0.26171875 0.83046875 0.0109375 0.00625
0 0.26171875 0.83671875 0.0109375 0.00703125
0 0.24921875 0.8390625 0.01640625 0.01015625
0 0.234375 0.853125 0.0109375 0.01171875
0 0.06640625 0.84609375 0.00703125 0.00625
0 0.065625 0.828125 0.00625 0.009375
0 0.03203125 0.87265625 0.015625 0.01171875
0 0.02890625 0.840625 0.015625 0.0125
0 0.72734375 0.91875 0.01171875 0.009375
0 0.7140625 0.91796875 0.01015625 0.01015625
0 0.70234375 0.9328125 0.00859375 0.009375
0 0.678125 0.92578125 0.01015625 0.00546875
0 0.74609375 0.86171875 0.0140625 0.00859375
0 0.67421875 0.86953125 0.00859375 0.00546875
0 0.7609375 0.93515625 0.0109375 0.01015625
0 0.753125 0.92265625 0.0140625 0.00703125
0 0.740625 0.9390625 0.0140625 0.009375
0 0.81171875 0.94375 0.0140625 0.009375
0 0.834375 0.91796875 0.0140625 0.0125
0 0.8546875 0.896875 0.01640625 0.01484375
0 0.8703125 0.89375 0.01015625 0.0109375
0 0.86640625 0.88671875 0.0109375 0.01171875
0 0.9234375 0.840625 0.0125 0.0125
0 0.9734375 0.88359375 0.01484375 0.0171875
0 0.2609375 0.7953125 0.01015625 0.00703125
0 0.27109375 0.796875 0.0109375 0.00703125
0 0.259375 0.7609375 0.02734375 0.02578125
0 0.97734375 0.53125 0.0453125 0.05859375
0 0.54140625 0.959375 0.01640625 0.01640625
0 0.51953125 0.89453125 0.0125 0.0125
0 0.528125 0.9 0.01484375 0.01015625
0 0.5359375 0.8734375 0.009375 0.01015625
0 0.7359375 0.89765625 0.00859375 0.00546875
0 0.734375 0.90703125 0.00703125 0.00703125
0 0.6953125 0.89140625 0.00859375 0.00546875
0 0.6859375 0.88359375 0.0109375 0.00703125
0 0.7828125 0.9203125 0.00703125 0.01015625
0 0.3125 0.8984375 0.0109375 0.00859375
0 0.271875 0.8625 0.028125 0.02109375
0 0.29765625 0.8578125 0.01484375 0.00859375
0 0.3 0.871875 0.01484375 0.009375
0 0.3046875 0.89375 0.01171875 0.00859375
0 0.48515625 0.8234375 0.0203125 0.009375
0 0.4796875 0.7921875 0.01015625 0.00625
0 0.29140625 0.9421875 0.01875 0.01484375
0 0.47421875 0.9265625 0.009375 0.00703125
0 0.2375 0.8640625 0.0140625 0.01015625
0 0.23359375 0.8890625 0.009375 0.00703125
0 0.27265625 0.809375 0.0125 0.009375
0 0.6078125 0.96015625 0.0109375 0.01015625
0 0.61640625 0.9484375 0.00703125 0.00625
0 0.603125 0.93671875 0.00703125 0.0109375
0 0.646875 0.92578125 0.009375 0.00703125
0 0.6484375 0.9015625 0.0140625 0.01015625
0 0.7546875 0.90546875 0.00859375 0.00859375