0 0.959375 0.2140625 0.03203125 0.03125
0 0.98984375 0.2015625 0.0203125 0.0375
0 0.98671875 0.1203125 0.02421875 0.02421875
0 0.90546875 0.08828125 0.0375 0.03125
0 0.78125 0.18359375 0.0296875 0.025
0 0.9078125 0.19765625 0.034375 0.02734375
0 0.87890625 0.215625 0.03125 0.03203125
0 0.86015625 0.49921875 0.03515625 0.03515625
0 0.965625 0.4421875 0.02578125 0.02109375
0 0.91015625 0.4078125 0.02734375 0.0296875
0 0.80546875 0.45625 0.03203125 0.02734375
0 0.80703125 0.43046875 0.02578125 0.025
0 0.809375 0.3328125 0.03125 0.028125
0 0.8640625 0.31875 0.02578125 0.028125
0 0.78046875 0.32734375 0.0328125 0.02578125
0 0.7828125 0.35234375 0.021875 0.0265625
0 0.71953125 0.49765625 0.03125 0.0359375
0 0.6921875 0.475 0.03515625 0.0328125
0 0.67109375 0.2859375 0.03828125 0.040625
0 0.58203125 0.25234375 0.04296875 0.0375
0 0.4453125 0.17421875 0.034375 0.0265625
0 0.41640625 0.16328125 0.03671875 0.02421875
0 0.41484375 0.20703125 0.02734375 0.02578125
0 0.37265625 0.2375 0.0265625 0.02265625
0 0.3765625 0.32734375 0.0359375 0.0375
0 0.2640625 0.36796875 0.02265625 0.0171875
0 0.05703125 0.66875 0.1140625 0.11875
0 0.06015625 0.63828125 0.109375 0.08359375
0 0.6234375 0.0125 0.02578125 0.0171875