0 0.7546875 0.13125 0.084375 0.08828125
0 0.58515625 0.190625 0.090625 0.08671875
0 0.66484375 0.3625 0.10078125 0.096875
0 0.92109375 0.41015625 0.09375 0.09765625
0 0.90546875 0.80390625 0.06875 0.06953125
0 0.85625 0.78203125 0.07109375 0.06640625
0 0.60234375 0.6703125 0.15 0.134375
0 0.32109375 0.98984375 0.071875 0.0203125
0 0.27734375 0.97578125 0.0828125 0.0484375
0 0.16875 0.97265625 0.025 0.01953125
0 0.1828125 0.953125 0.0296875 0.02421875
0 0.1921875 0.928125 0.03046875 0.025
0 0.1078125 0.74296875 0.01953125 0.0171875
0 0.09453125 0.7421875 0.01484375 0.01953125
0 0.0234375 0.48359375 0.046875 0.0578125
0 0.47734375 0.64140625 0.02265625 0.0171875
0 0.6484375 0.88671875 0.03046875 0.0203125
0 0.690625 0.884375 0.021875 0.02109375
0 0.71640625 0.88515625 0.0171875 0.0125
0 0.74609375 0.88203125 0.02109375 0.0203125
0 0.91796875 0.8546875 0.0203125 0.01875