0 0.2703125 0.4984375 0.0984375 0.0984375
0 0.34375 0.66015625 0.08671875 0.0953125
0 0.2703125 0.61015625 0.1046875 0.09140625
0 0.63671875 0.48125 0.03671875 0.03359375
0 0.3203125 0.8640625 0.0953125 0.10078125
0 0.84765625 0.9390625 0.09453125 0.09453125
0 0.825 0.746875 0.0359375 0.03203125
0 0.80078125 0.77421875 0.03828125 0.03359375
0 0.49609375 0.825 0.04140625 0.03515625
0 0.6078125 0.6859375 0.028125 0.021875
0 0.46015625 0.5734375 0.02109375 0.02421875
0 0.46171875 0.63125 0.01875 0.0203125
0 0.4546875 0.659375 0.02421875 0.015625
0 0.4921875 0.6671875 0.021875 0.01796875
0 0.52421875 0.66953125 0.01640625 0.0203125
0 0.5484375 0.671875 0.01484375 0.01796875
0 0.5078125 0.615625 0.0171875 0.02421875
0 0.50390625 0.6375 0.02109375 0.00859375
0 0.5390625 0.60625 0.0171875 0.01171875
0 0.5296875 0.6328125 0.02265625 0.01875
0 0.5734375 0.6234375 0.01640625 0.025
0 0.5390625 0.41796875 0.0359375 0.0265625