0 0.76875 0.13125 0.11640625 0.10859375
0 0.68359375 0.08515625 0.10625 0.09453125
0 0.859375 0.09453125 0.084375 0.08125
0 0.96015625 0.1734375 0.0796875 0.103125
0 0.89453125 0.2375 0.103125 0.08203125
0 0.71640625 0.86328125 0.13515625 0.1203125
0 0.5109375 0.93203125 0.10078125 0.08828125
0 0.66875 0.934375 0.11796875 0.0890625
0 0.70390625 0.54296875 0.0640625 0.07734375
0 0.73828125 0.59296875 0.090625 0.0640625
0 0.6703125 0.4578125 0.04140625 0.03828125
0 0.646875 0.4046875 0.03984375 0.04375
0 0.67890625 0.4046875 0.0328125 0.03203125
0 0.6609375 0.35703125 0.06328125 0.0578125
0 0.64921875 0.31328125 0.04375 0.0421875
0 0.5421875 0.446875 0.053125 0.07265625
0 0.50859375 0.45703125 0.053125 0.07109375
0 0.4125 0.4125 0.05234375 0.05
0 0.37109375 0.540625 0.0921875 0.08515625
0 0.146875 0.52109375 0.08671875 0.084375
0 0.015625 0.27421875 0.03125 0.028125
0 0.01328125 0.48046875 0.0265625 0.0484375