0 0.0109375 0.18671875 0.021875 0.02265625
0 0.09765625 0.2140625 0.01953125 0.0203125
0 0.1046875 0.146875 0.0171875 0.01953125
0 0.1203125 0.125 0.034375 0.02421875
0 0.13203125 0.10234375 0.0203125 0.01875
0 0.0421875 0.24609375 0.0171875 0.01875
0 0.028125 0.2625 0.01875 0.0171875
0 0.159375 0.215625 0.015625 0.01640625
0 0.215625 0.16796875 0.0171875 0.01640625
0 0.21796875 0.19609375 0.01640625 0.01484375
0 0.24453125 0.16875 0.01640625 0.01640625
0 0.23671875 0.13984375 0.015625 0.0171875
0 0.221875 0.140625 0.0140625 0.01484375
0 0.23359375 0.1 0.02109375 0.0203125
0 0.246875 0.0765625 0.01875 0.01953125
0 0.2796875 0.021875 0.015625 0.01875
0 0.2953125 0.01015625 0.01875 0.0203125
0 0.3140625 0.00390625 0.015625 0.0078125
0 0.3265625 0.07734375 0.01953125 0.0203125
0 0.2953125 0.103125 0.0171875 0.01640625
0 0.378125 0.07890625 0.01640625 0.01640625
0 0.3640625 0.07421875 0.0140625 0.015625
0 0.40703125 0.025 0.0171875 0.0125
0 0.4203125 0.0125 0.0171875 0.015625
0 0.46640625 0.05 0.0359375 0.03203125
0 0.28515625 0.09921875 0.0125 0.0109375
0 0.26640625 0.15703125 0.0203125 0.0171875
0 0.07109375 0.2453125 0.01640625 0.01640625
0 0.10703125 0.24296875 0.015625 0.01640625
0 0.06328125 0.33046875 0.0203125 0.0140625
0 0.23671875 0.246875 0.02109375 0.01953125
0 0.2859375 0.19140625 0.01875 0.0203125
0 0.2671875 0.2203125 0.01640625 0.0125
0 0.253125 0.209375 0.0125 0.01640625
0 0.2734375 0.271875 0.0140625 0.015625
0 0.32421875 0.2703125 0.01640625 0.0171875
0 0.2546875 0.29453125 0.01484375 0.0140625
0 0.29453125 0.35 0.0140625 0.01171875
0 0.2625 0.36171875 0.01640625 0.01171875
0 0.27734375 0.3484375 0.015625 0.0140625
0 0.19453125 0.35390625 0.01171875 0.01640625
0 0.209375 0.33515625 0.009375 0.01015625
0 0.325 0.13671875 0.01640625 0.01484375
0 0.234375 0.1578125 0.0125 0.0125
0 0.3921875 0.14140625 0.021875 0.0171875
0 0.428125 0.09921875 0.01015625 0.0125
0 0.43359375 0.0703125 0.01640625 0.0140625
0 0.3 0.0265625 0.01484375 0.01171875
0 0.24921875 0.346875 0.00859375 0.01171875
0 0.3234375 0.303125 0.01171875 0.0125
0 0.2984375 0.38203125 0.01171875 0.0140625
0 0.9546875 0.1140625 0.01875 0.01875
0 0.965625 0.078125 0.015625 0.01640625
0 0.9265625 0.109375 0.015625 0.01640625
0 0.81640625 0.13828125 0.02578125 0.025
0 0.83671875 0.159375 0.03046875 0.02109375
0 0.8875 0.2140625 0.03671875 0.03125
0 0.8703125 0.1859375 0.03984375 0.03671875
0 0.8140625 0.18515625 0.0359375 0.028125
0 0.85625 0.278125 0.03203125 0.0375
0 0.79375 0.24453125 0.021875 0.02734375
0 0.63984375 0.08203125 0.0875 0.0875
0 0.7078125 0.11875 0.08203125 0.075
0 0.73515625 0.234375 0.08515625 0.08828125
0 0.5265625 0.27578125 0.1265625 0.1265625
0 0.49453125 0.3421875 0.11953125 0.1125
0 0.5796875 0.4015625 0.12890625 0.13359375
0 0.9921875 0.59765625 0.0125 0.0734375
0 0.9234375 0.665625 0.10625 0.103125
0 0.9828125 0.66015625 0.03125 0.09453125
0 0.6875 0.6609375 0.08828125 0.09921875
0 0.77109375 0.70859375 0.10625 0.0921875
0 0.7328125 0.81953125 0.09921875 0.1125
0 0.63046875 0.859375 0.10625 0.115625
0 0.465625 0.76328125 0.09765625 0.0765625
0 0.5375 0.52890625 0.11640625 0.109375
0 0.34921875 0.60859375 0.10859375 0.1109375
0 0.26640625 0.6390625 0.13046875 0.13125
0 0.146875 0.6265625 0.1234375 0.128125
0 0.04921875 0.6546875 0.0984375 0.1
0 0.86484375 0.4515625 0.03515625 0.03984375
0 0.6953125 0.33046875 0.0359375 0.03046875
0 0.6546875 0.28046875 0.021875 0.01953125
0 0.85625 0.3265625 0.0203125 0.01875
0 0.2921875 0.0734375 0.01640625 0.0140625
0 0.29765625 0.428125 0.015625 0.01484375
0 0.45625 0.53671875 0.01171875 0.0125