0 0.14375 0.42265625 0.07734375 0.075
0 0.15625 0.11328125 0.08828125 0.07734375
0 0.2796875 0.1328125 0.08359375 0.0765625
0 0.4640625 0.03984375 0.0671875 0.0765625
0 0.478125 0.51171875 0.096875 0.0921875
0 0.1734375 0.72578125 0.0921875 0.084375
0 0.60859375 0.87890625 0.103125 0.09375
0 0.909375 0.740625 0.01875 0.02109375
0 0.896875 0.740625 0.02265625 0.021875
0 0.81640625 0.490625 0.06796875 0.0671875
0 0.9734375 0.9765625 0.02421875 0.02265625
0 0.9875 0.95234375 0.021875 0.02734375
0 0.9921875 0.93046875 0.015625 0.0203125
0 0.428125 0.80859375 0.021875 0.01953125