0 0.4296875 0.02578125 0.109375 0.0515625
0 0.7296875 0.1515625 0.0328125 0.03984375
0 0.7125 0.09921875 0.0328125 0.03671875
0 0.71953125 0.41796875 0.140625 0.1390625
0 0.8734375 0.4875 0.10390625 0.09765625
0 0.93203125 0.54453125 0.1125 0.10546875
0 0.91015625 0.56640625 0.08984375 0.08125
0 0.5546875 0.61953125 0.10234375 0.09765625
0 0.81953125 0.6734375 0.11015625 0.1
0 0.61015625 0.83828125 0.121875 0.11796875
0 0.06328125 0.49609375 0.10546875 0.1109375
0 0.6859375 0.76484375 0.121875 0.11640625