0 0.490625 0.328125 0.14296875 0.13359375
0 0.3453125 0.36328125 0.040625 0.03203125
0 0.10078125 0.45859375 0.0421875 0.03671875
0 0.04921875 0.46953125 0.0421875 0.03671875
0 0.0140625 0.4296875 0.028125 0.05625
0 0.02578125 0.44375 0.034375 0.040625
0 0.3359375 0.7578125 0.14140625 0.1375
0 0.27421875 0.86015625 0.034375 0.0390625
0 0.246875 0.875 0.034375 0.0359375
0 0.13671875 0.90234375 0.03984375 0.0453125
0 0.52578125 0.75078125 0.1296875 0.13203125
0 0.6328125 0.7484375 0.14765625 0.1453125
0 0.7421875 0.4828125 0.128125 0.14140625
0 0.8453125 0.371875 0.12109375 0.13515625
0 0.65 0.38359375 0.10390625 0.11328125
0 0.9890625 0.50078125 0.021875 0.0765625
0 0.953125 0.6265625 0.0453125 0.0453125
0 0.9484375 0.70703125 0.0453125 0.05234375
0 0.95625 0.84140625 0.03828125 0.03828125
0 0.89765625 0.92109375 0.053125 0.0515625
0 0.93671875 0.81875 0.06328125 0.04609375
0 0.64921875 0.5171875 0.0546875 0.059375