0 0.209375 0.83046875 0.13125 0.1140625
0 0.06796875 0.77578125 0.1359375 0.134375
0 0.08125 0.41953125 0.1203125 0.1140625
0 0.934375 0.04609375 0.13125 0.0890625
0 0.9390625 0.7765625 0.109375 0.1125
0 0.93125 0.859375 0.115625 0.1015625
0 0.80390625 0.84453125 0.11875 0.0984375
0 0.81640625 0.09140625 0.1234375 0.1171875
0 0.97578125 0.7453125 0.04765625 0.11015625
0 0.1203125 0.27421875 0.109375 0.08984375
0 0.2765625 0.28515625 0.0984375 0.08203125
0 0.33671875 0.4984375 0.1421875 0.13671875
0 0.74453125 0.9109375 0.08828125 0.08984375
0 0.5421875 0.31796875 0.1734375 0.1546875
0 0.0359375 0.565625 0.071875 0.13671875