0 0.3078125 0.12109375 0.075 0.07109375
0 0.26171875 0.1265625 0.07734375 0.0953125
0 0.37421875 0.06328125 0.065625 0.06796875
0 0.35546875 0.540625 0.128125 0.11328125
0 0.31015625 0.6375 0.10234375 0.08984375
0 0.0234375 0.5875 0.046875 0.109375
0 0.04453125 0.54765625 0.08359375 0.1078125
0 0.0109375 0.88515625 0.021875 0.1109375
0 0.4703125 0.3609375 0.11328125 0.10625
0 0.315625 0.3484375 0.10625 0.10234375
0 0.95078125 0.20390625 0.0984375 0.1046875
0 0.4578125 0.1671875 0.09921875 0.09765625
0 0.4 0.1609375 0.09296875 0.08984375