0 0.03125 0.04453125 0.0625 0.0890625
0 0.3671875 0.290625 0.04296875 0.04296875
0 0.32734375 0.36328125 0.04140625 0.03671875
0 0.3625 0.7296875 0.0421875 0.04765625
0 0.315625 0.72890625 0.04609375 0.04765625
0 0.01015625 0.70390625 0.0203125 0.03984375
0 0.015625 0.840625 0.03125 0.09453125
0 0.5359375 0.84375 0.0375 0.0296875
0 0.5171875 0.81328125 0.034375 0.0359375
0 0.56953125 0.8140625 0.0375 0.03203125
0 0.61796875 0.87734375 0.0328125 0.03203125
0 0.678125 0.9203125 0.046875 0.034375
0 0.6875 0.96640625 0.03828125 0.028125
0 0.753125 0.95625 0.05078125 0.0375
0 0.82421875 0.94921875 0.04375 0.0375
0 0.8 0.99453125 0.046875 0.0109375
0 0.8109375 0.89765625 0.04765625 0.03828125
0 0.91015625 0.85078125 0.04765625 0.03515625
0 0.934375 0.80703125 0.0421875 0.04609375
0 0.9671875 0.71484375 0.03984375 0.0421875
0 0.99453125 0.96171875 0.0109375 0.02734375
0 0.39609375 0.62109375 0.02421875 0.02421875